849.60 0.0772133303
839.60 0.0762010509
829.60 0.0760048288
819.60 0.0791379905
809.60 0.0731682429
799.60 0.0665130926
789.60 0.0693703937
779.60 0.0933270801
769.60 0.1101370776
759.60 0.1072928477
749.60 0.0900078563
739.60 0.0880784152
729.60 0.0737066788
719.60 0.0662105186
709.60 0.0719841637
699.60 0.0760615175
689.60 0.0911879669
679.60 0.1079687400
669.60 0.1153199819
659.60 0.1219515306
649.60 0.1325719240
639.60 0.1085995897
629.60 0.0870286655
619.60 0.1027243081
609.60 0.1061897386
599.60 0.1266443265
589.60 0.2185468145
579.60 0.1281845623
569.60 0.1895003152
559.60 0.1631814418
549.60 0.1419635143
539.60 0.1394684451
529.60 0.1596816619
519.60 0.3121154342
509.60 0.1893138348
499.60 0.2113783505
489.60 0.2345191651
479.60 0.2676946071
469.60 0.3503699319
459.60 0.4773560100
449.60 0.4199079092
439.60 0.4542408398
429.60 0.3161787440
419.60 0.2200552343
409.60 0.1894431124
399.60 0.1411121557
389.60 0.2126170493
379.60 0.2320172231
369.60 0.2014777109
359.60 0.2385934732
349.60 0.2658865128
339.60 0.2891879348
329.60 0.2605774100
319.60 0.1852816946
309.60 0.3565564935
299.60 0.3835940180
289.60 0.4758149483
279.60 0.6096369010
269.60 0.5409835086
259.60 0.4894276130
249.60 0.5313093350
239.60 0.2893429476
229.60 0.2308597174
219.60 0.2087115900
209.60 0.1676238987
199.60 0.3025634186
189.60 0.3984575584
179.60 0.3012904680
169.60 0.4068903720
159.60 0.4227071511
149.60 0.5022056788
139.60 0.6855360184
129.60 0.5226048312
119.60 0.4533661804
109.60 0.3467353753
99.60 0.3182567086
89.60 0.3292575553
79.60 0.1982601523
69.60 0.2850584858
59.60 0.4641433223
49.60 0.5472755935
39.60 0.4011496452
29.60 0.6851036798
19.60 0.5863148144
9.60 0.4756853815
-0.40 0.3999745888
-10.40 0.2406732436
-20.40 0.3089885245
-30.40 0.1954299540
-40.40 0.1478492474
-50.40 0.0838241393
-60.40 0.1757057402
-70.40 0.1596818177
-80.40 0.0998727644
-90.40 0.0841534618
-100.40 0.1190102935
-110.40 0.0794024936
-120.40 0.0855608023
-130.40 0.1407898177
-140.40 0.2606701394
-150.40 0.4886567356
-160.40 0.5997073432
-170.40 0.4554636161
-180.40 0.4868088545
-190.40 0.4574146529
-200.40 0.7120942234
-210.40 0.4899199419
-220.40 0.3731679732
-230.40 0.2822273664
-240.40 0.3793595014
-250.40 0.3135532463
-260.40 0.3545132416
-270.40 0.4798306932
-280.40 0.4516980842
-290.40 0.5722575610
-300.40 0.5950845665
-310.40 0.6408752672
-320.40 0.6361011493
-330.40 0.8338671853
-340.40 0.8205414598
-350.40 0.9928602879
-360.40 0.9050070651
-370.40 0.6754089924
-380.40 0.7032004740
-390.40 0.6409942934
-400.40 0.2844205674
-410.40 0.2496964435
-420.40 0.3263150522
-430.40 0.5172730655
-440.40 0.4428636554
-450.40 0.6258206529
-460.40 0.6988832096
-470.40 0.6807788088
-480.40 0.7721017305
-490.40 0.7262508955
-500.40 0.8088973798
-510.40 1.0364865609
-520.40 0.7423955243
-530.40 0.8821502377
-540.40 0.8542899681
-550.40 0.7365560449
-560.40 0.5326072693
-570.40 0.5467669797
-580.40 0.5551661780
-590.40 0.6300251383
-600.40 0.3800996787
-610.40 0.5102484593
-620.40 0.7477975667
-630.40 0.5264634468
-640.40 0.3911021940
-650.40 0.5429007240
-660.40 0.6477178615
-670.40 0.8009469434
-680.40 0.9701344903
-690.40 1.1262659865
-700.40 1.1944448054
-710.40 1.0575248137
-720.40 0.9990867597
-730.40 0.9503899460
-740.40 0.9076567684
-750.40 1.0535071972
-760.40 1.2693055119
-770.40 1.0324205085
-780.40 0.5288198324
-790.40 0.2211920278
-800.40 0.1347164950
-810.40 0.1188825515
-820.40 0.0978685033
-830.40 0.0786756051
-840.40 0.0948430079
-850.40 0.0000032964
