543.02 0.1488705156
533.94 0.1620615740
525.87 0.1752526323
518.81 0.1865592538
512.75 0.1865592538
504.68 0.1752526323
499.63 0.1677148847
491.56 0.1884436907
485.51 0.2110569336
482.48 0.2299013026
478.44 0.2506301086
476.43 0.2713589146
472.39 0.2939721574
469.36 0.3165854003
465.33 0.3391986432
461.29 0.3580430123
458.26 0.3768873813
455.23 0.4013850611
452.21 0.4315360516
449.18 0.4522648576
441.11 0.4522648576
437.07 0.4258827409
434.04 0.3938473135
432.03 0.3693496337
430.01 0.3410830801
427.99 0.3147009634
424.96 0.2807810991
422.94 0.2506301086
420.93 0.2242479919
416.89 0.1959814383
411.84 0.1714837585
406.80 0.1526393894
399.73 0.1413327680
392.67 0.1601771371
388.64 0.1752526323
381.57 0.1809059430
371.48 0.1677148847
363.41 0.1827903799
357.35 0.2016347490
353.32 0.2223635550
346.25 0.2449767979
340.20 0.2543989824
333.14 0.2374390502
326.07 0.2223635550
319.01 0.2204791181
316.99 0.2412079241
314.97 0.2732433515
311.94 0.2977410313
310.94 0.3241231480
307.91 0.3467363908
304.88 0.3750029444
302.86 0.4013850611
299.84 0.4315360516
295.80 0.4579181683
290.75 0.4861847219
285.71 0.5182201493
280.66 0.5540244506
273.60 0.5370645184
267.55 0.5125668386
260.48 0.4843002850
257.45 0.4503804207
253.42 0.4164605564
249.38 0.3844251290
246.35 0.3542741385
241.31 0.3241231480
239.29 0.2977410313
233.24 0.2694744777
229.20 0.2430923610
220.12 0.2468612348
215.07 0.2317857395
210.03 0.2242479919
199.94 0.2223635550
194.89 0.2449767979
190.86 0.2675900408
187.83 0.2977410313
185.81 0.3222387110
182.78 0.3505052646
181.77 0.3731185075
179.76 0.3976161873
170.67 0.4032694980
163.61 0.3825406921
159.57 0.3636963230
151.50 0.3768873813
147.46 0.3900784397
145.45 0.4126916826
143.43 0.4296516147
140.40 0.4541492945
139.39 0.4673403529
134.35 0.4861847219
129.30 0.4956069065
126.27 0.4692247898
123.25 0.4484959838
121.23 0.4258827409
118.20 0.4070383718
112.15 0.3881940028
106.09 0.3599274492
104.07 0.3316608956
100.04 0.3052787789
96.00 0.2732433515
89.95 0.2449767979
79.86 0.2317857395
76.83 0.2487456717
72.79 0.2788966622
70.77 0.2977410313
69.77 0.3203542741
64.72 0.3467363908
60.68 0.3655807599
59.67 0.3844251290
55.64 0.4145761195
52.61 0.4447271100
49.58 0.4805314112
46.56 0.5069135279
43.53 0.5370645184
39.49 0.5690999458
34.45 0.5879443149
29.40 0.5973664994
25.37 0.5747532565
21.33 0.5446022660
18.30 0.5238734601
14.27 0.4974913434
10.23 0.4692247898
7.20 0.4371893624
4.17 0.4070383718
2.16 0.3731185075
-1.88 0.3373142063
-4.91 0.3033943420
-8.94 0.2694744777
-11.97 0.2374390502
-20.04 0.2185946812
-28.12 0.1884436907
-35.18 0.1488705156
-40.22 0.1036440299
-52.33 0.1149506513
-61.42 0.1337950204
-70.50 0.1262572727
-73.52 0.1055284668
-78.57 0.0866840977
-84.62 0.0640708548
-99.76 0.0508797965
-104.81 0.0640708548
-108.84 0.0791463501
-116.91 0.0961062822
-122.97 0.1092973406
-131.04 0.1243728358
-133.06 0.1526393894
-135.08 0.2016347490
-137.10 0.2261324288
-139.11 0.2543989824
-141.13 0.2788966622
-142.14 0.3335453325
-143.15 0.3580430123
-144.16 0.3863095659
-145.17 0.4239983040
-146.18 0.4560337314
-147.19 0.5219890232
-149.21 0.5540244506
-150.21 0.5822910042
-160.31 0.6067886840
-161.31 0.5841754411
-164.34 0.5540244506
-166.36 0.5144512755
-168.38 0.4409582362
-171.41 0.3938473135
-181.50 0.4051539349
-182.51 0.4409582362
-185.53 0.4692247898
-187.55 0.5012602172
-189.57 0.5502555768
-195.62 0.5709843827
-199.66 0.5822910042
-203.70 0.5540244506
-210.76 0.5144512755
-213.79 0.4729936636
-216.81 0.4315360516
-217.82 0.3957317504
-220.85 0.3599274492
-225.90 0.3297764587
-229.93 0.3052787789
-240.02 0.3260075849
-250.11 0.3128165265
-257.18 0.3486208277
-260.20 0.3844251290
-266.26 0.4183449933
-270.30 0.4428426731
-272.31 0.4692247898
-275.34 0.4861847219
-280.39 0.5125668386
-289.47 0.5295267708
-294.51 0.5521400137
-296.53 0.5766376934
-301.58 0.6049042470
-308.64 0.6105575578
-319.74 0.6237486161
-322.77 0.6614373543
-325.79 0.7010105293
-328.82 0.7443525781
-329.83 0.7688502579
-340.93 0.7518903258
-349.00 0.7594280734
-353.04 0.7839257532
-356.07 0.8140767437
-358.09 0.8442277342
-359.09 0.8706098509
-370.19 0.8969919676
-372.21 0.8630721033
-373.22 0.8310366759
-374.23 0.7990012484
-376.25 0.7688502579
-377.26 0.7273926460
-379.28 0.6859350340
-382.30 0.6425929852
-385.33 0.6049042470
-387.35 0.5653310720
-391.39 0.5257578970
-393.40 0.4918380326
-396.43 0.4522648576
-398.45 0.4221138671
-401.48 0.3900784397
-404.50 0.3542741385
-406.52 0.3241231480
-410.56 0.2920877205
-417.62 0.3241231480
-419.64 0.3486208277
-423.68 0.3674651968
-428.72 0.3976161873
-434.78 0.4258827409
-439.82 0.4560337314
-440.83 0.4899535957
-442.85 0.5257578970
-443.86 0.5653310720
-445.88 0.6124419947
-447.89 0.6482462959
-449.91 0.6859350340
-460.00 0.6821661602
-465.05 0.6407085483
-470.09 0.6086731209
-475.14 0.6407085483
-476.15 0.6633217912
-480.18 0.6953572186
-490.28 0.6953572186
-494.31 0.7179704615
-496.33 0.7405837043
-497.34 0.7650813841
-500.37 0.7858101901
-503.39 0.8103078699
-504.40 0.8310366759
-507.43 0.8536499187
-509.45 0.8819164723
-512.47 0.9026452783
-519.54 0.9309118319
-525.59 0.9082985890
-527.61 0.8781475985
-529.63 0.8517654818
-531.65 0.8121923068
-533.67 0.7763880056
-535.68 0.7386992674
-537.70 0.7010105293
-538.71 0.6520151697
