# 4, 1000
# Nu Energy [MeV] Probability [ ]  
# t               nu_e            nu_e_bar        nu_x            nu_x_bar         
0.0500            8.9105045E-05   1.0000000E+00   1.0004746E+00   0.0000000E+00 
0.1500            -1.5137588E-04   1.0000000E+00   1.0012353E+00   0.0000000E+00 
0.2500            1.2240140E-03   1.0000000E+00   1.0024554E+00   0.0000000E+00 
0.3500            -5.7024630E-04   1.0000000E+00   1.0020766E+00   0.0000000E+00 
0.4500            -5.0633941E-04   1.0000000E+00   1.0030780E+00   0.0000000E+00 
0.5500            -4.0822046E-04   1.0000000E+00   1.0036393E+00   0.0000000E+00 
0.6500            5.2136650E-03   1.0000000E+00   1.0055799E+00   0.0000000E+00 
0.7500            7.4752776E-04   1.0000000E+00   1.0015096E+00   0.0000000E+00 
0.8500            6.5201742E-04   1.0000000E+00   1.0018763E+00   0.0000000E+00 
0.9500            2.1108640E-03   1.0000000E+00   1.0094043E+00   0.0000000E+00 
1.0500            -1.6874719E-03   1.0000000E+00   1.0051468E+00   0.0000000E+00 
1.1500            3.1886048E-04   1.0000000E+00   1.0004381E+00   0.0000000E+00 
1.2500            -7.5926040E-05   1.0000000E+00   1.0120517E+00   0.0000000E+00 
1.3500            -6.0049899E-04   1.0000000E+00   1.0119130E+00   0.0000000E+00 
1.4500            -3.8787792E-04   1.0000000E+00   1.0017705E+00   0.0000000E+00 
1.5500            2.6692701E-03   1.0000000E+00   1.0109002E+00   0.0000000E+00 
1.6500            1.7806759E-03   1.0000000E+00   1.0106634E+00   0.0000000E+00 
1.7500            -8.5783756E-04   1.0000000E+00   1.0170562E+00   0.0000000E+00 
1.8500            -1.2576525E-03   1.0000000E+00   1.0155448E+00   0.0000000E+00 
1.9500            1.1443281E-02   1.0000000E+00   1.0188640E+00   0.0000000E+00 
2.0400            -3.0129465E-03   1.0000000E+00   1.0141298E+00   0.0000000E+00 
2.1500            4.4146041E-03   1.0000000E+00   1.0074731E+00   0.0000000E+00 
2.2500            -2.8176969E-03   1.0000000E+00   1.0197857E+00   0.0000000E+00 
2.3500            2.8608487E-03   1.0000000E+00   1.0196232E+00   0.0000000E+00 
2.4500            1.4957850E-03   1.0000000E+00   1.0256284E+00   0.0000000E+00 
2.5400            1.2876199E-02   1.0000000E+00   1.0238481E+00   0.0000000E+00 
2.6500            -3.4975505E-03   1.0000000E+00   1.0161847E+00   0.0000000E+00 
2.7500            1.4729602E-02   1.0000000E+00   1.0153169E+00   0.0000000E+00 
2.8500            1.5881247E-03   1.0000000E+00   1.0030116E+00   0.0000000E+00 
2.9500            1.3502603E-02   1.0000000E+00   1.0140668E+00   0.0000000E+00 
3.0500            1.0150682E-02   1.0000000E+00   1.0139799E+00   0.0000000E+00 
3.1500            -5.5257232E-03   1.0000000E+00   1.0231995E+00   0.0000000E+00 
3.2500            -3.1003743E-03   1.0000000E+00   1.0120405E+00   0.0000000E+00 
3.3500            1.6139252E-02   1.0000000E+00   1.0327889E+00   0.0000000E+00 
3.4500            1.4386887E-02   1.0000000E+00   1.0259580E+00   0.0000000E+00 
3.5500            -4.5124896E-04   1.0000000E+00   1.0357443E+00   0.0000000E+00 
3.6500            -9.2366303E-04   1.0000000E+00   1.0093033E+00   0.0000000E+00 
3.7500            3.2352336E-02   1.0000000E+00   1.0329164E+00   0.0000000E+00 
3.8500            3.7559439E-03   1.0000000E+00   1.0161242E+00   0.0000000E+00 
3.9500            -5.1362516E-03   1.0000000E+00   1.0190939E+00   0.0000000E+00 
4.0500            1.1684227E-03   1.0000000E+00   1.0307148E+00   0.0000000E+00 
4.1500            7.7181343E-03   1.0000000E+00   1.0363397E+00   0.0000000E+00 
4.2500            1.4486102E-02   1.0000000E+00   1.0356063E+00   0.0000000E+00 
4.3400            1.8481022E-02   1.0000000E+00   1.0266349E+00   0.0000000E+00 
4.4500            1.0438886E-02   1.0000000E+00   1.0104472E+00   0.0000000E+00 
4.5500            -3.8079696E-03   1.0000000E+00   1.0106116E+00   0.0000000E+00 
4.6500            -5.1113415E-03   1.0000000E+00   1.0392124E+00   0.0000000E+00 
4.7500            -6.6713106E-03   1.0000000E+00   1.0329684E+00   0.0000000E+00 
4.8500            3.7330861E-02   1.0000000E+00   1.0397361E+00   0.0000000E+00 
4.9500            8.5967499E-03   1.0000000E+00   1.0329670E+00   0.0000000E+00 
5.0500            -6.1482184E-03   1.0000000E+00   1.0441335E+00   0.0000000E+00 
5.1500            1.6199674E-02   1.0000000E+00   1.0182124E+00   0.0000000E+00 
5.2500            9.5640273E-03   1.0000000E+00   1.0498833E+00   0.0000000E+00 
5.3500            2.8230680E-03   1.0000000E+00   1.0338572E+00   0.0000000E+00 
5.4500            2.8324955E-02   1.0000000E+00   1.0425941E+00   0.0000000E+00 
5.5500            8.3384644E-03   1.0000000E+00   1.0594758E+00   0.0000000E+00 
5.6500            5.2981697E-03   1.0000000E+00   1.0098141E+00   0.0000000E+00 
5.7500            3.6583106E-03   1.0000000E+00   1.0610593E+00   0.0000000E+00 
5.8500            -1.0559176E-03   1.0000000E+00   1.0032734E+00   0.0000000E+00 
5.9500            3.8731720E-03   1.0000000E+00   1.0600158E+00   0.0000000E+00 
6.0500            -3.3321102E-03   1.0000000E+00   1.0095883E+00   0.0000000E+00 
6.1500            1.5876763E-02   1.0000000E+00   1.0582823E+00   0.0000000E+00 
6.2500            -7.4269946E-03   1.0000000E+00   1.0301889E+00   0.0000000E+00 
6.3500            4.6153536E-02   1.0000000E+00   1.0596047E+00   0.0000000E+00 
6.4500            -9.0034596E-03   1.0000000E+00   1.0579880E+00   0.0000000E+00 
6.5500            4.4311579E-02   1.0000000E+00   1.0464177E+00   0.0000000E+00 
6.6500            -9.3795237E-03   1.0000000E+00   1.0423148E+00   0.0000000E+00 
6.7500            -9.4573091E-03   1.0000000E+00   1.0389405E+00   0.0000000E+00 
6.8500            5.2321148E-02   1.0000000E+00   1.0543537E+00   0.0000000E+00 
6.9500            -1.2246860E-02   1.0000000E+00   1.0552953E+00   0.0000000E+00 
7.0500            1.2113752E-02   1.0000000E+00   1.0522722E+00   0.0000000E+00 
7.1500            3.2335861E-02   1.0000000E+00   1.0358785E+00   0.0000000E+00 
7.2500            -6.9445452E-03   1.0000000E+00   1.0617739E+00   0.0000000E+00 
7.3500            1.4184748E-02   1.0000000E+00   1.0658703E+00   0.0000000E+00 
7.4500            3.4884812E-02   1.0000000E+00   1.0348911E+00   0.0000000E+00 
7.5500            -1.2621531E-03   1.0000000E+00   1.0513290E+00   0.0000000E+00 
7.6500            -1.2821070E-03   1.0000000E+00   1.0754062E+00   0.0000000E+00 
7.7500            4.7901925E-02   1.0000000E+00   1.0621741E+00   0.0000000E+00 
7.8500            -2.2905051E-03   1.0000000E+00   1.0124267E+00   0.0000000E+00 
7.9500            7.2399594E-03   1.0000000E+00   1.0852603E+00   0.0000000E+00 
8.0500            2.1286693E-02   1.0000000E+00   1.0876814E+00   0.0000000E+00 
8.1500            1.8289055E-02   1.0000000E+00   1.0245137E+00   0.0000000E+00 
8.2500            1.4493380E-02   1.0000000E+00   1.0354333E+00   0.0000000E+00 
8.3500            1.0044938E-02   1.0000000E+00   1.0920866E+00   0.0000000E+00 
8.4500            1.6947102E-02   1.0000000E+00   1.0926519E+00   0.0000000E+00 
8.5500            9.4333536E-03   1.0000000E+00   1.0248977E+00   0.0000000E+00 
8.6500            2.1304097E-02   1.0000000E+00   1.0286500E+00   0.0000000E+00 
8.7500            3.0411052E-02   1.0000000E+00   1.0952162E+00   0.0000000E+00 
8.8500            -1.9161977E-04   1.0000000E+00   1.0954709E+00   0.0000000E+00 
8.9500            1.1232461E-02   1.0000000E+00   1.0651868E+00   0.0000000E+00 
9.0500            2.6815942E-03   1.0000000E+00   1.0064471E+00   0.0000000E+00 
9.1500            5.7836012E-02   1.0000000E+00   1.0753187E+00   0.0000000E+00 
9.2500            1.9247483E-02   1.0000000E+00   1.0948939E+00   0.0000000E+00 
9.3500            -4.1489330E-03   1.0000000E+00   1.0972118E+00   0.0000000E+00 
9.4500            -2.9915052E-03   1.0000000E+00   1.0605622E+00   0.0000000E+00 
9.5500            6.7821466E-03   1.0000000E+00   1.0174492E+00   0.0000000E+00 
9.6500            7.1932162E-02   1.0000000E+00   1.0778745E+00   0.0000000E+00 
9.7500            3.9318208E-02   1.0000000E+00   1.0934758E+00   0.0000000E+00 
9.8500            -1.1953408E-02   1.0000000E+00   1.0900213E+00   0.0000000E+00 
9.9500            -9.8047409E-03   1.0000000E+00   1.0899432E+00   0.0000000E+00 
10.0500           -1.3179260E-02   1.0000000E+00   1.0384759E+00   0.0000000E+00 
10.1500           4.3395342E-02   1.0000000E+00   1.0498776E+00   0.0000000E+00 
10.2500           8.8437104E-02   1.0000000E+00   1.0957008E+00   0.0000000E+00 
10.3500           2.8544785E-02   1.0000000E+00   1.0811255E+00   0.0000000E+00 
10.4500           -1.8614411E-02   1.0000000E+00   1.0833957E+00   0.0000000E+00 
10.5500           -1.8208056E-02   1.0000000E+00   1.0959146E+00   0.0000000E+00 
10.6500           -1.9839798E-02   1.0000000E+00   1.0606938E+00   0.0000000E+00 
10.7500           2.6925261E-02   1.0000000E+00   1.0563701E+00   0.0000000E+00 
10.8500           9.4141739E-02   1.0000000E+00   1.0948230E+00   0.0000000E+00 
10.9500           7.1695946E-02   1.0000000E+00   1.0869088E+00   0.0000000E+00 
11.0500           -7.3448688E-05   1.0000000E+00   1.0618708E+00   0.0000000E+00 
11.1500           -2.3673457E-02   1.0000000E+00   1.0846424E+00   0.0000000E+00 
11.2500           -2.1947780E-02   1.0000000E+00   1.1020174E+00   0.0000000E+00 
11.3500           -2.0826732E-02   1.0000000E+00   1.0792574E+00   0.0000000E+00 
11.4500           2.4225180E-02   1.0000000E+00   1.0771709E+00   0.0000000E+00 
11.5500           9.2225198E-02   1.0000000E+00   1.1040555E+00   0.0000000E+00 
11.6500           9.4040326E-02   1.0000000E+00   1.0948246E+00   0.0000000E+00 
11.7500           2.9232465E-02   1.0000000E+00   1.0547559E+00   0.0000000E+00 
11.8500           -1.7570570E-02   1.0000000E+00   1.0543744E+00   0.0000000E+00 
11.9500           -2.0085093E-02   1.0000000E+00   1.0952563E+00   0.0000000E+00 
12.0500           -1.9195633E-02   1.0000000E+00   1.1147901E+00   0.0000000E+00 
12.1500           -1.7418552E-02   1.0000000E+00   1.1022264E+00   0.0000000E+00 
12.2500           2.1941502E-02   1.0000000E+00   1.1022987E+00   0.0000000E+00 
12.3500           8.4364080E-02   1.0000000E+00   1.1196414E+00   0.0000000E+00 
12.4500           1.0427275E-01   1.0000000E+00   1.1093465E+00   0.0000000E+00 
12.5500           5.9923779E-02   1.0000000E+00   1.0626807E+00   0.0000000E+00 
12.6500           3.3495095E-03   1.0000000E+00   1.0321647E+00   0.0000000E+00 
12.7500           -1.6050862E-02   1.0000000E+00   1.0560258E+00   0.0000000E+00 
12.8500           -9.1964317E-03   1.0000000E+00   1.1059559E+00   0.0000000E+00 
12.9500           -9.3956691E-03   1.0000000E+00   1.1322953E+00   0.0000000E+00 
13.0500           -1.3245257E-02   1.0000000E+00   1.1291909E+00   0.0000000E+00 
13.1500           9.1866800E-03   1.0000000E+00   1.1271999E+00   0.0000000E+00 
13.2500           5.9640259E-02   1.0000000E+00   1.1375322E+00   0.0000000E+00 
13.3500           9.7970459E-02   1.0000000E+00   1.1343755E+00   0.0000000E+00 
13.4500           8.8377118E-02   1.0000000E+00   1.0959418E+00   0.0000000E+00 
13.5500           4.1638873E-02   1.0000000E+00   1.0421825E+00   0.0000000E+00 
13.6500           7.1284591E-04   1.0000000E+00   1.0178875E+00   0.0000000E+00 
13.7500           -7.6176674E-03   1.0000000E+00   1.0443606E+00   0.0000000E+00 
13.8500           4.3693183E-03   1.0000000E+00   1.0987461E+00   0.0000000E+00 
13.9500           9.0690207E-03   1.0000000E+00   1.1412290E+00   0.0000000E+00 
14.0500           -5.7466850E-04   1.0000000E+00   1.1544751E+00   0.0000000E+00 
14.1500           -5.1118079E-03   1.0000000E+00   1.1522490E+00   0.0000000E+00 
14.2500           1.5057567E-02   1.0000000E+00   1.1542138E+00   0.0000000E+00 
14.3500           5.4137103E-02   1.0000000E+00   1.1599225E+00   0.0000000E+00 
14.4500           8.4150187E-02   1.0000000E+00   1.1502789E+00   0.0000000E+00 
14.5500           8.1621887E-02   1.0000000E+00   1.1117716E+00   0.0000000E+00 
14.6500           4.9370471E-02   1.0000000E+00   1.0558048E+00   0.0000000E+00 
14.7500           1.2964479E-02   1.0000000E+00   1.0132648E+00   0.0000000E+00 
14.8500           -2.5136595E-03   1.0000000E+00   1.0103269E+00   0.0000000E+00 
14.9500           7.3052660E-03   1.0000000E+00   1.0483037E+00   0.0000000E+00 
15.0500           2.5839269E-02   1.0000000E+00   1.1043721E+00   0.0000000E+00 
15.1500           3.2766389E-02   1.0000000E+00   1.1503256E+00   0.0000000E+00 
15.2500           2.1906395E-02   1.0000000E+00   1.1721825E+00   0.0000000E+00 
15.3500           4.9437663E-03   1.0000000E+00   1.1754517E+00   0.0000000E+00 
15.4500           -1.8483219E-04   1.0000000E+00   1.1745965E+00   0.0000000E+00 
15.5500           1.4977036E-02   1.0000000E+00   1.1777614E+00   0.0000000E+00 
15.6500           4.2463926E-02   1.0000000E+00   1.1796603E+00   0.0000000E+00 
15.7500           6.4227601E-02   1.0000000E+00   1.1672210E+00   0.0000000E+00 
15.8500           6.5743541E-02   1.0000000E+00   1.1321578E+00   0.0000000E+00 
15.9500           4.6301012E-02   1.0000000E+00   1.0801086E+00   0.0000000E+00 
16.0500           1.9009112E-02   1.0000000E+00   1.0295763E+00   0.0000000E+00 
16.1500           1.4721037E-03   1.0000000E+00   1.0017963E+00   0.0000000E+00 
16.2500           4.2266013E-03   1.0000000E+00   1.0087205E+00   0.0000000E+00 
16.3500           2.4625734E-02   1.0000000E+00   1.0468368E+00   0.0000000E+00 
16.4500           4.9438332E-02   1.0000000E+00   1.1000556E+00   0.0000000E+00 
16.5500           6.3617576E-02   1.0000000E+00   1.1490364E+00   0.0000000E+00 
16.6500           5.9290447E-02   1.0000000E+00   1.1808927E+00   0.0000000E+00 
16.7500           3.9668969E-02   1.0000000E+00   1.1938560E+00   0.0000000E+00 
16.8500           1.6227575E-02   1.0000000E+00   1.1951345E+00   0.0000000E+00 
16.9500           1.5339798E-03   1.0000000E+00   1.1942674E+00   0.0000000E+00 
17.0500           2.2234640E-03   1.0000000E+00   1.1964131E+00   0.0000000E+00 
17.1500           1.5934419E-02   1.0000000E+00   1.1993707E+00   0.0000000E+00 
17.2500           3.3399430E-02   1.0000000E+00   1.1955428E+00   0.0000000E+00 
17.3500           4.4018690E-02   1.0000000E+00   1.1772059E+00   0.0000000E+00 
17.4500           4.1654557E-02   1.0000000E+00   1.1418826E+00   0.0000000E+00 
17.5500           2.7674372E-02   1.0000000E+00   1.0949063E+00   0.0000000E+00 
17.6500           9.9884005E-03   1.0000000E+00   1.0479873E+00   0.0000000E+00 
17.7500           -1.0823311E-03   1.0000000E+00   1.0146669E+00   0.0000000E+00 
17.8500           2.1325126E-03   1.0000000E+00   1.0049420E+00   0.0000000E+00 
17.9500           2.1080082E-02   1.0000000E+00   1.0215016E+00   0.0000000E+00 
18.0500           5.0378614E-02   1.0000000E+00   1.0590593E+00   0.0000000E+00 
18.1500           8.0188941E-02   1.0000000E+00   1.1067885E+00   0.0000000E+00 
18.2500           1.0029843E-01   1.0000000E+00   1.1525719E+00   0.0000000E+00 
18.3500           1.0408139E-01   1.0000000E+00   1.1872057E+00   0.0000000E+00 
18.4500           9.0762084E-02   1.0000000E+00   1.2069512E+00   0.0000000E+00 
18.5500           6.5266423E-02   1.0000000E+00   1.2136871E+00   0.0000000E+00 
18.6500           3.5972496E-02   1.0000000E+00   1.2129449E+00   0.0000000E+00 
18.7500           1.1432999E-02   1.0000000E+00   1.2108740E+00   0.0000000E+00 
18.8500           -2.6056977E-03   1.0000000E+00   1.2114452E+00   0.0000000E+00 
18.9500           -4.8382957E-03   1.0000000E+00   1.2149301E+00   0.0000000E+00 
19.0500           1.7410879E-03   1.0000000E+00   1.2180857E+00   0.0000000E+00 
19.1500           1.1499890E-02   1.0000000E+00   1.2157884E+00   0.0000000E+00 
19.2500           1.8588524E-02   1.0000000E+00   1.2033690E+00   0.0000000E+00 
19.3500           1.9192936E-02   1.0000000E+00   1.1787324E+00   0.0000000E+00 
19.4500           1.2857669E-02   1.0000000E+00   1.1435154E+00   0.0000000E+00 
19.5500           2.5190403E-03   1.0000000E+00   1.1029388E+00   0.0000000E+00 
19.6500           -6.6460684E-03   1.0000000E+00   1.0644752E+00   0.0000000E+00 
19.7500           -9.0786727E-03   1.0000000E+00   1.0358225E+00   0.0000000E+00 
19.8500           -7.5242189E-04   1.0000000E+00   1.0228451E+00   0.0000000E+00 
19.9500           1.9457168E-02   1.0000000E+00   1.0280936E+00   0.0000000E+00 
20.0500           4.9325540E-02   1.0000000E+00   1.0502831E+00   0.0000000E+00 
20.1500           8.3821360E-02   1.0000000E+00   1.0848000E+00   0.0000000E+00 
20.2500           1.1641451E-01   1.0000000E+00   1.1250126E+00   0.0000000E+00 
20.3500           1.4073349E-01   1.0000000E+00   1.1639637E+00   0.0000000E+00 
20.4500           1.5210203E-01   1.0000000E+00   1.1959724E+00   0.0000000E+00 
20.5500           1.4856449E-01   1.0000000E+00   1.2177453E+00   0.0000000E+00 
20.6500           1.3118328E-01   1.0000000E+00   1.2287740E+00   0.0000000E+00 
20.7500           1.0360006E-01   1.0000000E+00   1.2310037E+00   0.0000000E+00 
20.8500           7.1037185E-02   1.0000000E+00   1.2279411E+00   0.0000000E+00 
20.9500           3.9033419E-02   1.0000000E+00   1.2234901E+00   0.0000000E+00 
21.0500           1.2238781E-02   1.0000000E+00   1.2208347E+00   0.0000000E+00 
21.1500           -6.4579892E-03   1.0000000E+00   1.2216385E+00   0.0000000E+00 
21.2500           -1.6305457E-02   1.0000000E+00   1.2257226E+00   0.0000000E+00 
21.3500           -1.8538820E-02   1.0000000E+00   1.2312498E+00   0.0000000E+00 
21.4500           -1.5795945E-02   1.0000000E+00   1.2353223E+00   0.0000000E+00 
21.5500           -1.1280186E-02   1.0000000E+00   1.2348145E+00   0.0000000E+00 
21.6500           -7.8856527E-03   1.0000000E+00   1.2272251E+00   0.0000000E+00 
21.7500           -7.4843152E-03   1.0000000E+00   1.2113540E+00   0.0000000E+00 
21.8500           -1.0516946E-02   1.0000000E+00   1.1876640E+00   0.0000000E+00 
21.9500           -1.5949356E-02   1.0000000E+00   1.1582689E+00   0.0000000E+00 
22.0500           -2.1571633E-02   1.0000000E+00   1.1265741E+00   0.0000000E+00 
22.1500           -2.4549014E-02   1.0000000E+00   1.0966650E+00   0.0000000E+00 
22.2500           -2.2090505E-02   1.0000000E+00   1.0725780E+00   0.0000000E+00 
22.3500           -1.2090512E-02   1.0000000E+00   1.0576046E+00   0.0000000E+00 
22.4500           6.3825975E-03   1.0000000E+00   1.0537532E+00   0.0000000E+00 
22.5500           3.2836308E-02   1.0000000E+00   1.0614588E+00   0.0000000E+00 
22.6500           6.5375097E-02   1.0000000E+00   1.0795722E+00   0.0000000E+00 
22.7500           1.0097323E-01   1.0000000E+00   1.1056114E+00   0.0000000E+00 
22.8500           1.3593611E-01   1.0000000E+00   1.1362109E+00   0.0000000E+00 
22.9500           1.6645959E-01   1.0000000E+00   1.1676785E+00   0.0000000E+00 
23.0500           1.8918781E-01   1.0000000E+00   1.1965600E+00   0.0000000E+00 
23.1500           2.0167921E-01   1.0000000E+00   1.2201195E+00   0.0000000E+00 
23.2500           2.0271327E-01   1.0000000E+00   1.2366667E+00   0.0000000E+00 
23.3500           1.9240250E-01   1.0000000E+00   1.2456958E+00   0.0000000E+00 
23.4500           1.7210750E-01   1.0000000E+00   1.2478304E+00   0.0000000E+00 
23.5500           1.4418402E-01   1.0000000E+00   1.2446029E+00   0.0000000E+00 
23.6500           1.1161278E-01   1.0000000E+00   1.2381179E+00   0.0000000E+00 
23.7500           7.7575956E-02   1.0000000E+00   1.2306623E+00   0.0000000E+00 
23.8500           4.5044952E-02   1.0000000E+00   1.2243241E+00   0.0000000E+00 
23.9500           1.6436307E-02   1.0000000E+00   1.2206783E+00   0.0000000E+00 
24.0500           -6.6232437E-03   1.0000000E+00   1.2205773E+00   0.0000000E+00 
24.1500           -2.3401090E-02   1.0000000E+00   1.2240690E+00   0.0000000E+00 
24.2500           -3.4031431E-02   1.0000000E+00   1.2304421E+00   0.0000000E+00 
24.3500           -3.9373541E-02   1.0000000E+00   1.2383802E+00   0.0000000E+00 
24.4500           -4.0786581E-02   1.0000000E+00   1.2461963E+00   0.0000000E+00 
24.5500           -3.9859964E-02   1.0000000E+00   1.2521060E+00   0.0000000E+00 
24.6500           -3.8140102E-02   1.0000000E+00   1.2545001E+00   0.0000000E+00 
24.7500           -3.6890662E-02   1.0000000E+00   1.2521806E+00   0.0000000E+00 
24.8500           -3.6915277E-02   1.0000000E+00   1.2445295E+00   0.0000000E+00 
24.9500           -3.8460671E-02   1.0000000E+00   1.2315951E+00   0.0000000E+00 
25.0500           -4.1206105E-02   1.0000000E+00   1.2140887E+00   0.0000000E+00 
25.1500           -4.4333560E-02   1.0000000E+00   1.1932998E+00   0.0000000E+00 
25.2500           -4.6663521E-02   1.0000000E+00   1.1709429E+00   0.0000000E+00 
25.3500           -4.6834487E-02   1.0000000E+00   1.1489612E+00   0.0000000E+00 
25.4500           -4.3501008E-02   1.0000000E+00   1.1293108E+00   0.0000000E+00 
25.5500           -3.5524935E-02   1.0000000E+00   1.1137522E+00   0.0000000E+00 
25.6500           -2.2137515E-02   1.0000000E+00   1.1036715E+00   0.0000000E+00 
25.7500           -3.0551059E-03   1.0000000E+00   1.0999494E+00   0.0000000E+00 
25.8500           2.1462131E-02   1.0000000E+00   1.1028887E+00   0.0000000E+00 
25.9500           5.0612074E-02   1.0000000E+00   1.1122035E+00   0.0000000E+00 
26.0500           8.3109731E-02   1.0000000E+00   1.1270683E+00   0.0000000E+00 
26.1500           1.1729448E-01   1.0000000E+00   1.1462164E+00   0.0000000E+00 
26.2500           1.5127212E-01   1.0000000E+00   1.1680760E+00   0.0000000E+00 
26.3500           1.8307577E-01   1.0000000E+00   1.1909264E+00   0.0000000E+00 
26.4500           2.1082916E-01   1.0000000E+00   1.2130596E+00   0.0000000E+00 
26.5500           2.3289678E-01   1.0000000E+00   1.2329297E+00   0.0000000E+00 
26.6500           2.4800779E-01   1.0000000E+00   1.2492783E+00   0.0000000E+00 
26.7500           2.5534419E-01   1.0000000E+00   1.2612260E+00   0.0000000E+00 
26.8500           2.5458765E-01   1.0000000E+00   1.2683235E+00   0.0000000E+00 
26.9500           2.4592372E-01   1.0000000E+00   1.2705618E+00   0.0000000E+00 
27.0500           2.3000583E-01   1.0000000E+00   1.2683429E+00   0.0000000E+00 
27.1500           2.0788499E-01   1.0000000E+00   1.2624171E+00   0.0000000E+00 
27.2500           1.8091339E-01   1.0000000E+00   1.2537949E+00   0.0000000E+00 
27.3500           1.5063177E-01   1.0000000E+00   1.2436427E+00   0.0000000E+00 
27.4500           1.1865075E-01   1.0000000E+00   1.2331731E+00   0.0000000E+00 
27.5500           8.6536005E-02   1.0000000E+00   1.2235388E+00   0.0000000E+00 
27.6500           5.5706106E-02   1.0000000E+00   1.2157387E+00   0.0000000E+00 
27.7500           2.7349741E-02   1.0000000E+00   1.2105435E+00   0.0000000E+00 
27.8500           2.3672033E-03   1.0000000E+00   1.2084450E+00   0.0000000E+00 
27.9500           -1.8661522E-02   1.0000000E+00   1.2096308E+00   0.0000000E+00 
28.0500           -3.5481954E-02   1.0000000E+00   1.2139860E+00   0.0000000E+00 
28.1500           -4.8145542E-02   1.0000000E+00   1.2211180E+00   0.0000000E+00 
28.2500           -5.6969013E-02   1.0000000E+00   1.2304022E+00   0.0000000E+00 
28.3500           -6.2477559E-02   1.0000000E+00   1.2410426E+00   0.0000000E+00 
28.4500           -6.5337564E-02   1.0000000E+00   1.2521424E+00   0.0000000E+00 
28.5500           -6.6284828E-02   1.0000000E+00   1.2627777E+00   0.0000000E+00 
28.6500           -6.6054021E-02   1.0000000E+00   1.2720693E+00   0.0000000E+00 
28.7500           -6.5314513E-02   1.0000000E+00   1.2792482E+00   0.0000000E+00 
28.8500           -6.4616788E-02   1.0000000E+00   1.2837080E+00   0.0000000E+00 
28.9500           -6.4352526E-02   1.0000000E+00   1.2850447E+00   0.0000000E+00 
29.0500           -6.4730194E-02   1.0000000E+00   1.2830790E+00   0.0000000E+00 
29.1500           -6.5766741E-02   1.0000000E+00   1.2778630E+00   0.0000000E+00 
29.2500           -6.7294797E-02   1.0000000E+00   1.2696698E+00   0.0000000E+00 
29.3500           -6.8983793E-02   1.0000000E+00   1.2589697E+00   0.0000000E+00 
29.4500           -7.0372566E-02   1.0000000E+00   1.2463941E+00   0.0000000E+00 
29.5500           -7.0910439E-02   1.0000000E+00   1.2326906E+00   0.0000000E+00 
29.6500           -7.0003473E-02   1.0000000E+00   1.2186728E+00   0.0000000E+00 
29.7500           -6.7062436E-02   1.0000000E+00   1.2051688E+00   0.0000000E+00 
29.8500           -6.1549256E-02   1.0000000E+00   1.1929697E+00   0.0000000E+00 
29.9500           -5.3019002E-02   1.0000000E+00   1.1827846E+00   0.0000000E+00 
30.0500           -4.1154962E-02   1.0000000E+00   1.1752006E+00   0.0000000E+00 
30.1500           -2.5794975E-02   1.0000000E+00   1.1706532E+00   0.0000000E+00 
30.2500           -6.9478378E-03   1.0000000E+00   1.1694055E+00   0.0000000E+00 
30.3500           1.5200735E-02   1.0000000E+00   1.1715395E+00   0.0000000E+00 
30.4500           4.0292446E-02   1.0000000E+00   1.1769563E+00   0.0000000E+00 
30.5500           6.7810334E-02   1.0000000E+00   1.1853877E+00   0.0000000E+00 
30.6500           9.7101069E-02   1.0000000E+00   1.1964153E+00   0.0000000E+00 
30.7500           1.2740401E-01   1.0000000E+00   1.2094974E+00   0.0000000E+00 
30.8500           1.5788520E-01   1.0000000E+00   1.2240006E+00   0.0000000E+00 
30.9500           1.8767424E-01   1.0000000E+00   1.2392353E+00   0.0000000E+00 
31.0500           2.1590207E-01   1.0000000E+00   1.2544919E+00   0.0000000E+00 
31.1500           2.4173775E-01   1.0000000E+00   1.2690764E+00   0.0000000E+00 
31.2500           2.6442237E-01   1.0000000E+00   1.2823437E+00   0.0000000E+00 
31.3500           2.8329876E-01   1.0000000E+00   1.2937267E+00   0.0000000E+00 
31.4500           2.9783566E-01   1.0000000E+00   1.3027605E+00   0.0000000E+00 
31.5500           3.0764562E-01   1.0000000E+00   1.3091004E+00   0.0000000E+00 
31.6500           3.1249613E-01   1.0000000E+00   1.3125333E+00   0.0000000E+00 
31.7500           3.1231377E-01   1.0000000E+00   1.3129827E+00   0.0000000E+00 
31.8500           3.0718174E-01   1.0000000E+00   1.3105068E+00   0.0000000E+00 
31.9500           2.9733108E-01   1.0000000E+00   1.3052913E+00   0.0000000E+00 
32.0400           2.8312649E-01   1.0000000E+00   1.2976358E+00   0.0000000E+00 
32.1500           2.6504756E-01   1.0000000E+00   1.2879370E+00   0.0000000E+00 
32.2500           2.4366651E-01   1.0000000E+00   1.2766676E+00   0.0000000E+00 
32.3500           2.1962362E-01   1.0000000E+00   1.2643537E+00   0.0000000E+00 
32.4400           1.9360147E-01   1.0000000E+00   1.2515503E+00   0.0000000E+00 
32.5400           1.6629907E-01   1.0000000E+00   1.2388175E+00   0.0000000E+00 
32.6500           1.3840703E-01   1.0000000E+00   1.2266971E+00   0.0000000E+00 
32.7500           1.1058459E-01   1.0000000E+00   1.2156922E+00   0.0000000E+00 
32.8500           8.3439333E-02   1.0000000E+00   1.2062476E+00   0.0000000E+00 
32.9400           5.7510206E-02   1.0000000E+00   1.1987355E+00   0.0000000E+00 
33.0400           3.3254247E-02   1.0000000E+00   1.1934435E+00   0.0000000E+00 
33.1500           1.1037278E-02   1.0000000E+00   1.1905672E+00   0.0000000E+00 
33.2500           -8.8713422E-03   1.0000000E+00   1.1902062E+00   0.0000000E+00 
33.3500           -2.6300020E-02   1.0000000E+00   1.1923647E+00   0.0000000E+00 
33.4400           -4.1172507E-02   1.0000000E+00   1.1969550E+00   0.0000000E+00 
33.5400           -5.3502123E-02   1.0000000E+00   1.2038049E+00   0.0000000E+00 
33.6500           -6.3383079E-02   1.0000000E+00   1.2126674E+00   0.0000000E+00 
33.7500           -7.0979446E-02   1.0000000E+00   1.2232330E+00   0.0000000E+00 
33.8500           -7.6512340E-02   1.0000000E+00   1.2351432E+00   0.0000000E+00 
33.9400           -8.0245942E-02   1.0000000E+00   1.2480057E+00   0.0000000E+00 
34.0400           -8.2472944E-02   1.0000000E+00   1.2614096E+00   0.0000000E+00 
34.1500           -8.3500005E-02   1.0000000E+00   1.2749404E+00   0.0000000E+00 
34.2500           -8.3633746E-02   1.0000000E+00   1.2881947E+00   0.0000000E+00 
34.3500           -8.3167762E-02   1.0000000E+00   1.3007936E+00   0.0000000E+00 
34.4400           -8.2371045E-02   1.0000000E+00   1.3123944E+00   0.0000000E+00 
34.5400           -8.1478146E-02   1.0000000E+00   1.3227010E+00   0.0000000E+00 
34.6500           -8.0681308E-02   1.0000000E+00   1.3314712E+00   0.0000000E+00 
34.7500           -8.0124723E-02   1.0000000E+00   1.3385229E+00   0.0000000E+00 
34.8500           -7.9900972E-02   1.0000000E+00   1.3437376E+00   0.0000000E+00 
34.9400           -8.0049642E-02   1.0000000E+00   1.3470613E+00   0.0000000E+00 
35.0400           -8.0558023E-02   1.0000000E+00   1.3485036E+00   0.0000000E+00 
35.1500           -8.1363742E-02   1.0000000E+00   1.3481346E+00   0.0000000E+00 
35.2500           -8.2359120E-02   1.0000000E+00   1.3460805E+00   0.0000000E+00 
35.3500           -8.3397010E-02   1.0000000E+00   1.3425169E+00   0.0000000E+00 
35.4400           -8.4297830E-02   1.0000000E+00   1.3376613E+00   0.0000000E+00 
35.5400           -8.4857498E-02   1.0000000E+00   1.3317648E+00   0.0000000E+00 
35.6500           -8.4855950E-02   1.0000000E+00   1.3251025E+00   0.0000000E+00 
35.7500           -8.4065943E-02   1.0000000E+00   1.3179646E+00   0.0000000E+00 
35.8500           -8.2261842E-02   1.0000000E+00   1.3106465E+00   0.0000000E+00 
35.9400           -7.9228119E-02   1.0000000E+00   1.3034398E+00   0.0000000E+00 
36.0400           -7.4767303E-02   1.0000000E+00   1.2966237E+00   0.0000000E+00 
36.1500           -6.8707176E-02   1.0000000E+00   1.2904567E+00   0.0000000E+00 
36.2500           -6.0907026E-02   1.0000000E+00   1.2851703E+00   0.0000000E+00 
36.3500           -5.1262811E-02   1.0000000E+00   1.2809624E+00   0.0000000E+00 
36.4400           -3.9711143E-02   1.0000000E+00   1.2779930E+00   0.0000000E+00 
36.5400           -2.6232011E-02   1.0000000E+00   1.2763808E+00   0.0000000E+00 
36.6500           -1.0850238E-02   1.0000000E+00   1.2762009E+00   0.0000000E+00 
36.7500           6.3643264E-03   1.0000000E+00   1.2774840E+00   0.0000000E+00 
36.8500           2.5297828E-02   1.0000000E+00   1.2802168E+00   0.0000000E+00 
36.9400           4.5794562E-02   1.0000000E+00   1.2843437E+00   0.0000000E+00 
37.0400           6.7660166E-02   1.0000000E+00   1.2897691E+00   0.0000000E+00 
37.1500           9.0665714E-02   1.0000000E+00   1.2963610E+00   0.0000000E+00 
37.2500           1.1455258E-01   1.0000000E+00   1.3039559E+00   0.0000000E+00 
37.3500           1.3903792E-01   1.0000000E+00   1.3123629E+00   0.0000000E+00 
37.4400           1.6382059E-01   1.0000000E+00   1.3213698E+00   0.0000000E+00 
37.5400           1.8858738E-01   1.0000000E+00   1.3307490E+00   0.0000000E+00 
37.6500           2.1301937E-01   1.0000000E+00   1.3402628E+00   0.0000000E+00 
37.7500           2.3679826E-01   1.0000000E+00   1.3496703E+00   0.0000000E+00 
37.8500           2.5961250E-01   1.0000000E+00   1.3587326E+00   0.0000000E+00 
37.9400           2.8116322E-01   1.0000000E+00   1.3672187E+00   0.0000000E+00 
38.0400           3.0116960E-01   1.0000000E+00   1.3749106E+00   0.0000000E+00 
38.1500           3.1937384E-01   1.0000000E+00   1.3816081E+00   0.0000000E+00 
38.2500           3.3554545E-01   1.0000000E+00   1.3871332E+00   0.0000000E+00 
38.3500           3.4948489E-01   1.0000000E+00   1.3913332E+00   0.0000000E+00 
38.4500           3.6102653E-01   1.0000000E+00   1.3940838E+00   0.0000000E+00 
38.5400           3.7004076E-01   1.0000000E+00   1.3952913E+00   0.0000000E+00 
38.6500           3.7643547E-01   1.0000000E+00   1.3948937E+00   0.0000000E+00 
38.7500           3.8015665E-01   1.0000000E+00   1.3928618E+00   0.0000000E+00 
38.8500           3.8118836E-01   1.0000000E+00   1.3891989E+00   0.0000000E+00 
38.9500           3.7955190E-01   1.0000000E+00   1.3839399E+00   0.0000000E+00 
39.0400           3.7530438E-01   1.0000000E+00   1.3771506E+00   0.0000000E+00 
39.1500           3.6853665E-01   1.0000000E+00   1.3689249E+00   0.0000000E+00 
39.2500           3.5937052E-01   1.0000000E+00   1.3593829E+00   0.0000000E+00 
39.3500           3.4795528E-01   1.0000000E+00   1.3486671E+00   0.0000000E+00 
39.4500           3.3446240E-01   1.0000000E+00   1.3369372E+00   0.0000000E+00 
39.5400           3.1907192E-01   1.0000000E+00   1.3243565E+00   0.0000000E+00 
39.6500           3.0186926E-01   1.0000000E+00   1.3109825E+00   0.0000000E+00 
39.7500           2.8243988E-01   1.0000000E+00   1.2963168E+00   0.0000000E+00 
39.8500           2.6149192E-01   1.0000000E+00   1.2810009E+00   0.0000000E+00 
39.9500           2.3970951E-01   1.0000000E+00   1.2656800E+00   0.0000000E+00 
40.0400           2.1739855E-01   1.0000000E+00   1.2506064E+00   0.0000000E+00 
40.1500           1.9482521E-01   1.0000000E+00   1.2359891E+00   0.0000000E+00 
40.2500           1.7224236E-01   1.0000000E+00   1.2220224E+00   0.0000000E+00 
40.3500           1.4989052E-01   1.0000000E+00   1.2088868E+00   0.0000000E+00 
40.4500           1.2799587E-01   1.0000000E+00   1.1967480E+00   0.0000000E+00 
40.5400           1.0676794E-01   1.0000000E+00   1.1857545E+00   0.0000000E+00 
40.6500           8.6397438E-02   1.0000000E+00   1.1760360E+00   0.0000000E+00 
40.7500           6.7054435E-02   1.0000000E+00   1.1677018E+00   0.0000000E+00 
40.8500           4.8886910E-02   1.0000000E+00   1.1608395E+00   0.0000000E+00 
40.9500           3.2019690E-02   1.0000000E+00   1.1555142E+00   0.0000000E+00 
41.0500           1.6553803E-02   1.0000000E+00   1.1517685E+00   0.0000000E+00 
41.1500           2.5662071E-03   1.0000000E+00   1.1496218E+00   0.0000000E+00 
41.2500           -9.8900917E-03   1.0000000E+00   1.1490712E+00   0.0000000E+00 
41.3500           -2.0785572E-02   1.0000000E+00   1.1500919E+00   0.0000000E+00 
41.4500           -3.0113398E-02   1.0000000E+00   1.1526381E+00   0.0000000E+00 
41.5500           -3.7888318E-02   1.0000000E+00   1.1566445E+00   0.0000000E+00 
41.6500           -4.4145297E-02   1.0000000E+00   1.1620277E+00   0.0000000E+00 
41.7500           -4.8937920E-02   1.0000000E+00   1.1686876E+00   0.0000000E+00 
41.8500           -5.2336591E-02   1.0000000E+00   1.1765099E+00   0.0000000E+00 
41.9500           -5.4426588E-02   1.0000000E+00   1.1853678E+00   0.0000000E+00 
42.0500           -5.5305985E-02   1.0000000E+00   1.1951242E+00   0.0000000E+00 
42.1500           -5.5083501E-02   1.0000000E+00   1.2056339E+00   0.0000000E+00 
42.2500           -5.3876304E-02   1.0000000E+00   1.2167457E+00   0.0000000E+00 
42.3500           -5.1807799E-02   1.0000000E+00   1.2283051E+00   0.0000000E+00 
42.4500           -4.9005443E-02   1.0000000E+00   1.2401559E+00   0.0000000E+00 
42.5500           -4.5598620E-02   1.0000000E+00   1.2521429E+00   0.0000000E+00 
42.6500           -4.1716587E-02   1.0000000E+00   1.2641135E+00   0.0000000E+00 
42.7500           -3.7486537E-02   1.0000000E+00   1.2759200E+00   0.0000000E+00 
42.8500           -3.3031791E-02   1.0000000E+00   1.2874212E+00   0.0000000E+00 
42.9500           -2.8470134E-02   1.0000000E+00   1.2984837E+00   0.0000000E+00 
43.0500           -2.3912327E-02   1.0000000E+00   1.3089840E+00   0.0000000E+00 
43.1500           -1.9460783E-02   1.0000000E+00   1.3188095E+00   0.0000000E+00 
43.2500           -1.5208444E-02   1.0000000E+00   1.3278592E+00   0.0000000E+00 
43.3500           -1.1237838E-02   1.0000000E+00   1.3360450E+00   0.0000000E+00 
43.4500           -7.6203422E-03   1.0000000E+00   1.3432925E+00   0.0000000E+00 
43.5500           -4.4156351E-03   1.0000000E+00   1.3495407E+00   0.0000000E+00 
43.6500           -1.6713465E-03   1.0000000E+00   1.3547434E+00   0.0000000E+00 
43.7500           5.7710770E-04   1.0000000E+00   1.3588681E+00   0.0000000E+00 
43.8500           2.3065090E-03   1.0000000E+00   1.3618967E+00   0.0000000E+00 
43.9500           3.5056488E-03   1.0000000E+00   1.3638250E+00   0.0000000E+00 
44.0500           4.1749820E-03   1.0000000E+00   1.3646620E+00   0.0000000E+00 
44.1500           4.3261328E-03   1.0000000E+00   1.3644298E+00   0.0000000E+00 
44.2500           3.9812690E-03   1.0000000E+00   1.3631624E+00   0.0000000E+00 
44.3500           3.1723570E-03   1.0000000E+00   1.3609050E+00   0.0000000E+00 
44.4500           1.9403163E-03   1.0000000E+00   1.3577132E+00   0.0000000E+00 
44.5500           3.3408676E-04   1.0000000E+00   1.3536518E+00   0.0000000E+00 
44.6500           -1.5903730E-03   1.0000000E+00   1.3487938E+00   0.0000000E+00 
44.7500           -3.7711410E-03   1.0000000E+00   1.3432190E+00   0.0000000E+00 
44.8500           -6.1414239E-03   1.0000000E+00   1.3370133E+00   0.0000000E+00 
44.9500           -8.6306707E-03   1.0000000E+00   1.3302668E+00   0.0000000E+00 
45.0500           -1.1165694E-02   1.0000000E+00   1.3230733E+00   0.0000000E+00 
45.1500           -1.3671779E-02   1.0000000E+00   1.3155284E+00   0.0000000E+00 
45.2500           -1.6073781E-02   1.0000000E+00   1.3077290E+00   0.0000000E+00 
45.3500           -1.8297173E-02   1.0000000E+00   1.2997714E+00   0.0000000E+00 
45.4500           -2.0269067E-02   1.0000000E+00   1.2917510E+00   0.0000000E+00 
45.5500           -2.1919161E-02   1.0000000E+00   1.2837607E+00   0.0000000E+00 
45.6500           -2.3180638E-02   1.0000000E+00   1.2758898E+00   0.0000000E+00 
45.7500           -2.3990982E-02   1.0000000E+00   1.2682238E+00   0.0000000E+00 
45.8500           -2.4292719E-02   1.0000000E+00   1.2608430E+00   0.0000000E+00 
45.9500           -2.4034070E-02   1.0000000E+00   1.2538218E+00   0.0000000E+00 
46.0500           -2.3169527E-02   1.0000000E+00   1.2472283E+00   0.0000000E+00 
46.1500           -2.1660322E-02   1.0000000E+00   1.2411236E+00   0.0000000E+00 
46.2500           -1.9474817E-02   1.0000000E+00   1.2355615E+00   0.0000000E+00 
46.3500           -1.6588795E-02   1.0000000E+00   1.2305879E+00   0.0000000E+00 
46.4500           -1.2985659E-02   1.0000000E+00   1.2262408E+00   0.0000000E+00 
46.5500           -8.6565403E-03   1.0000000E+00   1.2225498E+00   0.0000000E+00 
46.6500           -3.6003196E-03   1.0000000E+00   1.2195365E+00   0.0000000E+00 
46.7500           2.1764367E-03   1.0000000E+00   1.2172142E+00   0.0000000E+00 
46.8500           8.6596228E-03   1.0000000E+00   1.2155881E+00   0.0000000E+00 
46.9500           1.5827814E-02   1.0000000E+00   1.2146552E+00   0.0000000E+00 
47.0500           2.3652561E-02   1.0000000E+00   1.2144052E+00   0.0000000E+00 
47.1500           3.2098742E-02   1.0000000E+00   1.2148203E+00   0.0000000E+00 
47.2500           4.1124986E-02   1.0000000E+00   1.2158755E+00   0.0000000E+00 
47.3500           5.0684134E-02   1.0000000E+00   1.2175397E+00   0.0000000E+00 
47.4500           6.0723755E-02   1.0000000E+00   1.2197754E+00   0.0000000E+00 
47.5500           7.1186700E-02   1.0000000E+00   1.2225398E+00   0.0000000E+00 
47.6500           8.2011686E-02   1.0000000E+00   1.2257851E+00   0.0000000E+00 
47.7500           9.3133900E-02   1.0000000E+00   1.2294593E+00   0.0000000E+00 
47.8500           1.0448563E-01   1.0000000E+00   1.2335064E+00   0.0000000E+00 
47.9500           1.1599691E-01   1.0000000E+00   1.2378677E+00   0.0000000E+00 
48.0500           1.2759614E-01   1.0000000E+00   1.2424818E+00   0.0000000E+00 
48.1500           1.3921076E-01   1.0000000E+00   1.2472857E+00   0.0000000E+00 
48.2500           1.5076786E-01   1.0000000E+00   1.2522149E+00   0.0000000E+00 
48.3500           1.6219480E-01   1.0000000E+00   1.2572049E+00   0.0000000E+00 
48.4500           1.7341985E-01   1.0000000E+00   1.2621907E+00   0.0000000E+00 
48.5500           1.8437271E-01   1.0000000E+00   1.2671085E+00   0.0000000E+00 
48.6500           1.9498512E-01   1.0000000E+00   1.2718953E+00   0.0000000E+00 
48.7500           2.0519136E-01   1.0000000E+00   1.2764903E+00   0.0000000E+00 
48.8500           2.1492872E-01   1.0000000E+00   1.2808345E+00   0.0000000E+00 
48.9500           2.2413800E-01   1.0000000E+00   1.2848721E+00   0.0000000E+00 
49.0500           2.3276387E-01   1.0000000E+00   1.2885501E+00   0.0000000E+00 
49.1500           2.4075526E-01   1.0000000E+00   1.2918194E+00   0.0000000E+00 
49.2500           2.4806568E-01   1.0000000E+00   1.2946344E+00   0.0000000E+00 
49.3500           2.5465352E-01   1.0000000E+00   1.2969541E+00   0.0000000E+00 
49.4500           2.6048227E-01   1.0000000E+00   1.2987418E+00   0.0000000E+00 
49.5500           2.6552071E-01   1.0000000E+00   1.2999653E+00   0.0000000E+00 
49.6500           2.6974303E-01   1.0000000E+00   1.3005976E+00   0.0000000E+00 
49.7500           2.7312899E-01   1.0000000E+00   1.3006165E+00   0.0000000E+00 
49.8500           2.7566392E-01   1.0000000E+00   1.3000047E+00   0.0000000E+00 
49.9500           2.7733875E-01   1.0000000E+00   1.2987501E+00   0.0000000E+00 
50.0500           2.7814998E-01   1.0000000E+00   1.2968459E+00   0.0000000E+00 
50.1500           2.7809961E-01   1.0000000E+00   1.2942900E+00   0.0000000E+00 
50.2500           2.7719503E-01   1.0000000E+00   1.2910854E+00   0.0000000E+00 
50.3500           2.7544888E-01   1.0000000E+00   1.2872400E+00   0.0000000E+00 
50.4500           2.7287887E-01   1.0000000E+00   1.2827662E+00   0.0000000E+00 
50.5500           2.6950756E-01   1.0000000E+00   1.2776812E+00   0.0000000E+00 
50.6500           2.6536215E-01   1.0000000E+00   1.2720062E+00   0.0000000E+00 
50.7500           2.6047419E-01   1.0000000E+00   1.2657666E+00   0.0000000E+00 
50.8500           2.5487932E-01   1.0000000E+00   1.2589916E+00   0.0000000E+00 
50.9500           2.4861693E-01   1.0000000E+00   1.2517139E+00   0.0000000E+00 
51.0500           2.4172987E-01   1.0000000E+00   1.2439694E+00   0.0000000E+00 
51.1500           2.3426411E-01   1.0000000E+00   1.2357970E+00   0.0000000E+00 
51.2500           2.2626837E-01   1.0000000E+00   1.2272380E+00   0.0000000E+00 
51.3500           2.1779378E-01   1.0000000E+00   1.2183362E+00   0.0000000E+00 
51.4500           2.0889354E-01   1.0000000E+00   1.2091372E+00   0.0000000E+00 
51.5500           1.9962248E-01   1.0000000E+00   1.1996881E+00   0.0000000E+00 
51.6500           1.9003680E-01   1.0000000E+00   1.1900374E+00   0.0000000E+00 
51.7500           1.8019360E-01   1.0000000E+00   1.1802343E+00   0.0000000E+00 
51.8500           1.7015060E-01   1.0000000E+00   1.1703287E+00   0.0000000E+00 
51.9500           1.5996576E-01   1.0000000E+00   1.1603706E+00   0.0000000E+00 
52.0500           1.4969690E-01   1.0000000E+00   1.1504101E+00   0.0000000E+00 
52.1500           1.3940142E-01   1.0000000E+00   1.1404965E+00   0.0000000E+00 
52.2500           1.2913596E-01   1.0000000E+00   1.1306789E+00   0.0000000E+00 
52.3500           1.1895606E-01   1.0000000E+00   1.1210048E+00   0.0000000E+00 
52.4500           1.0891592E-01   1.0000000E+00   1.1115209E+00   0.0000000E+00 
52.5500           9.9068066E-02   1.0000000E+00   1.1022720E+00   0.0000000E+00 
52.6500           8.9463147E-02   1.0000000E+00   1.0933014E+00   0.0000000E+00 
52.7500           8.0149651E-02   1.0000000E+00   1.0846500E+00   0.0000000E+00 
52.8500           7.1173705E-02   1.0000000E+00   1.0763568E+00   0.0000000E+00 
52.9500           6.2578868E-02   1.0000000E+00   1.0684582E+00   0.0000000E+00 
53.0500           5.4405950E-02   1.0000000E+00   1.0609882E+00   0.0000000E+00 
53.1500           4.6692855E-02   1.0000000E+00   1.0539777E+00   0.0000000E+00 
53.2500           3.9474440E-02   1.0000000E+00   1.0474551E+00   0.0000000E+00 
53.3500           3.2782399E-02   1.0000000E+00   1.0414457E+00   0.0000000E+00 
53.4500           2.6645163E-02   1.0000000E+00   1.0359716E+00   0.0000000E+00 
53.5500           2.1087830E-02   1.0000000E+00   1.0310520E+00   0.0000000E+00 
53.6500           1.6132104E-02   1.0000000E+00   1.0267027E+00   0.0000000E+00 
53.7500           1.1796264E-02   1.0000000E+00   1.0229365E+00   0.0000000E+00 
53.8500           8.0951455E-03   1.0000000E+00   1.0197629E+00   0.0000000E+00 
53.9500           5.0401463E-03   1.0000000E+00   1.0171882E+00   0.0000000E+00 
54.0500           2.6392465E-03   1.0000000E+00   1.0152153E+00   0.0000000E+00 
54.1500           8.9704784E-04   1.0000000E+00   1.0138444E+00   0.0000000E+00 
54.2500           -1.8517025E-04   1.0000000E+00   1.0130723E+00   0.0000000E+00 
54.3500           -6.0937978E-04   1.0000000E+00   1.0128928E+00   0.0000000E+00 
54.4500           -3.8071794E-04   1.0000000E+00   1.0132970E+00   0.0000000E+00 
54.5500           4.9261262E-04   1.0000000E+00   1.0142731E+00   0.0000000E+00 
54.6500           1.9994563E-03   1.0000000E+00   1.0158063E+00   0.0000000E+00 
54.7500           4.1258286E-03   1.0000000E+00   1.0178797E+00   0.0000000E+00 
54.8500           6.8550510E-03   1.0000000E+00   1.0204736E+00   0.0000000E+00 
54.9500           1.0167895E-02   1.0000000E+00   1.0235663E+00   0.0000000E+00 
55.0500           1.4042734E-02   1.0000000E+00   1.0271336E+00   0.0000000E+00 
55.1500           1.8455706E-02   1.0000000E+00   1.0311496E+00   0.0000000E+00 
55.2500           2.3380874E-02   1.0000000E+00   1.0355864E+00   0.0000000E+00 
55.3500           2.8790403E-02   1.0000000E+00   1.0404147E+00   0.0000000E+00 
55.4500           3.4654732E-02   1.0000000E+00   1.0456033E+00   0.0000000E+00 
55.5500           4.0942754E-02   1.0000000E+00   1.0511201E+00   0.0000000E+00 
55.6500           4.7621994E-02   1.0000000E+00   1.0569317E+00   0.0000000E+00 
55.7500           5.4658792E-02   1.0000000E+00   1.0630036E+00   0.0000000E+00 
55.8500           6.2018486E-02   1.0000000E+00   1.0693008E+00   0.0000000E+00 
55.9500           6.9665588E-02   1.0000000E+00   1.0757876E+00   0.0000000E+00 
56.0500           7.7563970E-02   1.0000000E+00   1.0824277E+00   0.0000000E+00 
56.1500           8.5677033E-02   1.0000000E+00   1.0891848E+00   0.0000000E+00 
56.2500           9.3967887E-02   1.0000000E+00   1.0960224E+00   0.0000000E+00 
56.3500           1.0239952E-01   1.0000000E+00   1.1029040E+00   0.0000000E+00 
56.4500           1.1093495E-01   1.0000000E+00   1.1097935E+00   0.0000000E+00 
56.5500           1.1953742E-01   1.0000000E+00   1.1166551E+00   0.0000000E+00 
56.6500           1.2817050E-01   1.0000000E+00   1.1234535E+00   0.0000000E+00 
56.7500           1.3679829E-01   1.0000000E+00   1.1301542E+00   0.0000000E+00 
56.8500           1.4538550E-01   1.0000000E+00   1.1367234E+00   0.0000000E+00 
56.9500           1.5389767E-01   1.0000000E+00   1.1431284E+00   0.0000000E+00 
57.0500           1.6230119E-01   1.0000000E+00   1.1493373E+00   0.0000000E+00 
57.1500           1.7056352E-01   1.0000000E+00   1.1553197E+00   0.0000000E+00 
57.2500           1.7865322E-01   1.0000000E+00   1.1610462E+00   0.0000000E+00 
57.3500           1.8654012E-01   1.0000000E+00   1.1664889E+00   0.0000000E+00 
57.4500           1.9419535E-01   1.0000000E+00   1.1716214E+00   0.0000000E+00 
57.5500           2.0159149E-01   1.0000000E+00   1.1764188E+00   0.0000000E+00 
57.6500           2.0870260E-01   1.0000000E+00   1.1808579E+00   0.0000000E+00 
57.7500           2.1550430E-01   1.0000000E+00   1.1849169E+00   0.0000000E+00 
57.8500           2.2197383E-01   1.0000000E+00   1.1885761E+00   0.0000000E+00 
57.9500           2.2809013E-01   1.0000000E+00   1.1918172E+00   0.0000000E+00 
58.0500           2.3383385E-01   1.0000000E+00   1.1946241E+00   0.0000000E+00 
58.1500           2.3918736E-01   1.0000000E+00   1.1969823E+00   0.0000000E+00 
58.2500           2.4413487E-01   1.0000000E+00   1.1988791E+00   0.0000000E+00 
58.3500           2.4866233E-01   1.0000000E+00   1.2003038E+00   0.0000000E+00 
58.4500           2.5275755E-01   1.0000000E+00   1.2012476E+00   0.0000000E+00 
58.5500           2.5641011E-01   1.0000000E+00   1.2017035E+00   0.0000000E+00 
58.6500           2.5961143E-01   1.0000000E+00   1.2016663E+00   0.0000000E+00 
58.7500           2.6235471E-01   1.0000000E+00   1.2011327E+00   0.0000000E+00 
58.8500           2.6463494E-01   1.0000000E+00   1.2001014E+00   0.0000000E+00 
58.9500           2.6644885E-01   1.0000000E+00   1.1985725E+00   0.0000000E+00 
59.0500           2.6779492E-01   1.0000000E+00   1.1965481E+00   0.0000000E+00 
59.1500           2.6867330E-01   1.0000000E+00   1.1940321E+00   0.0000000E+00 
59.2500           2.6908580E-01   1.0000000E+00   1.1910299E+00   0.0000000E+00 
59.3500           2.6903581E-01   1.0000000E+00   1.1875484E+00   0.0000000E+00 
59.4500           2.6852830E-01   1.0000000E+00   1.1835964E+00   0.0000000E+00 
59.5500           2.6756972E-01   1.0000000E+00   1.1791839E+00   0.0000000E+00 
59.6500           2.6616796E-01   1.0000000E+00   1.1743224E+00   0.0000000E+00 
59.7500           2.6433226E-01   1.0000000E+00   1.1690248E+00   0.0000000E+00 
59.8500           2.6207320E-01   1.0000000E+00   1.1633053E+00   0.0000000E+00 
59.9500           2.5940259E-01   1.0000000E+00   1.1571792E+00   0.0000000E+00 
60.0500           2.5633338E-01   1.0000000E+00   1.1506631E+00   0.0000000E+00 
60.1500           2.5287964E-01   1.0000000E+00   1.1437745E+00   0.0000000E+00 
60.2500           2.4905645E-01   1.0000000E+00   1.1365321E+00   0.0000000E+00 
60.3500           2.4487983E-01   1.0000000E+00   1.1289552E+00   0.0000000E+00 
60.4500           2.4036666E-01   1.0000000E+00   1.1210641E+00   0.0000000E+00 
60.5500           2.3553459E-01   1.0000000E+00   1.1128800E+00   0.0000000E+00 
60.6500           2.3040201E-01   1.0000000E+00   1.1044243E+00   0.0000000E+00 
60.7500           2.2498790E-01   1.0000000E+00   1.0957194E+00   0.0000000E+00 
60.8500           2.1931181E-01   1.0000000E+00   1.0867880E+00   0.0000000E+00 
60.9500           2.1339375E-01   1.0000000E+00   1.0776532E+00   0.0000000E+00 
61.0500           2.0725411E-01   1.0000000E+00   1.0683385E+00   0.0000000E+00 
61.1500           2.0091361E-01   1.0000000E+00   1.0588676E+00   0.0000000E+00 
61.2500           1.9439320E-01   1.0000000E+00   1.0492642E+00   0.0000000E+00 
61.3500           1.8771398E-01   1.0000000E+00   1.0395525E+00   0.0000000E+00 
61.4500           1.8089717E-01   1.0000000E+00   1.0297563E+00   0.0000000E+00 
61.5500           1.7396398E-01   1.0000000E+00   1.0198996E+00   0.0000000E+00 
61.6500           1.6693558E-01   1.0000000E+00   1.0100061E+00   0.0000000E+00 
61.7500           1.5983304E-01   1.0000000E+00   1.0000994E+00   0.0000000E+00 
61.8500           1.5267722E-01   1.0000000E+00   9.9020282E-01   0.0000000E+00 
61.9500           1.4548876E-01   1.0000000E+00   9.8033938E-01   0.0000000E+00 
62.0500           1.3828799E-01   1.0000000E+00   9.7053165E-01   0.0000000E+00 
62.1500           1.3109488E-01   1.0000000E+00   9.6080179E-01   0.0000000E+00 
62.2500           1.2392900E-01   1.0000000E+00   9.5117143E-01   0.0000000E+00 
62.3500           1.1680943E-01   1.0000000E+00   9.4166168E-01   0.0000000E+00 
62.4500           1.0975476E-01   1.0000000E+00   9.3229302E-01   0.0000000E+00 
62.5500           1.0278303E-01   1.0000000E+00   9.2308529E-01   0.0000000E+00 
62.6500           9.5911659E-02   1.0000000E+00   9.1405764E-01   0.0000000E+00 
62.7500           8.9157448E-02   1.0000000E+00   9.0522850E-01   0.0000000E+00 
62.8500           8.2536516E-02   1.0000000E+00   8.9661550E-01   0.0000000E+00 
62.9500           7.6064280E-02   1.0000000E+00   8.8823551E-01   0.0000000E+00 
63.0500           6.9755422E-02   1.0000000E+00   8.8010454E-01   0.0000000E+00 
63.1500           6.3623862E-02   1.0000000E+00   8.7223775E-01   0.0000000E+00 
63.2500           5.7682739E-02   1.0000000E+00   8.6464944E-01   0.0000000E+00 
63.3500           5.1944382E-02   1.0000000E+00   8.5735298E-01   0.0000000E+00 
63.4500           4.6420303E-02   1.0000000E+00   8.5036085E-01   0.0000000E+00 
63.5500           4.1121176E-02   1.0000000E+00   8.4368459E-01   0.0000000E+00 
63.6500           3.6056828E-02   1.0000000E+00   8.3733478E-01   0.0000000E+00 
63.7500           3.1236230E-02   1.0000000E+00   8.3132108E-01   0.0000000E+00 
63.8500           2.6667491E-02   1.0000000E+00   8.2565219E-01   0.0000000E+00 
63.9500           2.2357857E-02   1.0000000E+00   8.2033583E-01   0.0000000E+00 
64.0500           1.8313706E-02   1.0000000E+00   8.1537878E-01   0.0000000E+00 
64.1500           1.4540556E-02   1.0000000E+00   8.1078687E-01   0.0000000E+00 
64.2500           1.1043065E-02   1.0000000E+00   8.0656498E-01   0.0000000E+00 
64.3400           7.8250413E-03   1.0000000E+00   8.0271705E-01   0.0000000E+00 
64.4500           4.8894488E-03   1.0000000E+00   7.9924608E-01   0.0000000E+00 
64.5500           2.2384217E-03   1.0000000E+00   7.9615416E-01   0.0000000E+00 
64.6500           -1.2672353E-04   1.0000000E+00   7.9344248E-01   0.0000000E+00 
64.7500           -2.2054728E-03   1.0000000E+00   7.9111134E-01   0.0000000E+00 
64.8400           -3.9980970E-03   1.0000000E+00   7.8916017E-01   0.0000000E+00 
64.9500           -5.5056336E-03   1.0000000E+00   7.8758757E-01   0.0000000E+00 
65.0500           -6.7298657E-03   1.0000000E+00   7.8639128E-01   0.0000000E+00 
65.1500           -7.6733004E-03   1.0000000E+00   7.8556827E-01   0.0000000E+00 
65.2500           -8.3391453E-03   1.0000000E+00   7.8511473E-01   0.0000000E+00 
65.3400           -8.7312840E-03   1.0000000E+00   7.8502606E-01   0.0000000E+00 
65.4500           -8.8542503E-03   1.0000000E+00   7.8529700E-01   0.0000000E+00 
65.5500           -8.7132012E-03   1.0000000E+00   7.8592153E-01   0.0000000E+00 
65.6500           -8.3138895E-03   1.0000000E+00   7.8689302E-01   0.0000000E+00 
65.7500           -7.6626346E-03   1.0000000E+00   7.8820416E-01   0.0000000E+00 
65.8400           -6.7662939E-03   1.0000000E+00   7.8984707E-01   0.0000000E+00 
65.9500           -5.6322320E-03   1.0000000E+00   7.9181328E-01   0.0000000E+00 
66.0500           -4.2682909E-03   1.0000000E+00   7.9409378E-01   0.0000000E+00 
66.1500           -2.6827586E-03   1.0000000E+00   7.9667905E-01   0.0000000E+00 
66.2500           -8.8433801E-04   1.0000000E+00   7.9955911E-01   0.0000000E+00 
66.3400           1.1178845E-03   1.0000000E+00   8.0272353E-01   0.0000000E+00 
66.4500           3.3144710E-03   1.0000000E+00   8.0616147E-01   0.0000000E+00 
66.5500           5.6956634E-03   1.0000000E+00   8.0986172E-01   0.0000000E+00 
66.6500           8.2514153E-03   1.0000000E+00   8.1381273E-01   0.0000000E+00 
66.7500           1.0971423E-02   1.0000000E+00   8.1800265E-01   0.0000000E+00 
66.8400           1.3845160E-02   1.0000000E+00   8.2241933E-01   0.0000000E+00 
66.9500           1.6861901E-02   1.0000000E+00   8.2705042E-01   0.0000000E+00 
67.0500           2.0010761E-02   1.0000000E+00   8.3188333E-01   0.0000000E+00 
67.1500           2.3280720E-02   1.0000000E+00   8.3690531E-01   0.0000000E+00 
67.2500           2.6660657E-02   1.0000000E+00   8.4210347E-01   0.0000000E+00 
67.3400           3.0139375E-02   1.0000000E+00   8.4746479E-01   0.0000000E+00 
67.4500           3.3705633E-02   1.0000000E+00   8.5297618E-01   0.0000000E+00 
67.5500           3.7348173E-02   1.0000000E+00   8.5862451E-01   0.0000000E+00 
67.6500           4.1055747E-02   1.0000000E+00   8.6439660E-01   0.0000000E+00 
67.7500           4.4817147E-02   1.0000000E+00   8.7027931E-01   0.0000000E+00 
67.8400           4.8621226E-02   1.0000000E+00   8.7625952E-01   0.0000000E+00 
67.9500           5.2456926E-02   1.0000000E+00   8.8232415E-01   0.0000000E+00 
68.0500           5.6313302E-02   1.0000000E+00   8.8846024E-01   0.0000000E+00 
68.1500           6.0179545E-02   1.0000000E+00   8.9465493E-01   0.0000000E+00 
68.2500           6.4045007E-02   1.0000000E+00   9.0089550E-01   0.0000000E+00 
68.3400           6.7899217E-02   1.0000000E+00   9.0716939E-01   0.0000000E+00 
68.4500           7.1731906E-02   1.0000000E+00   9.1346422E-01   0.0000000E+00 
68.5500           7.5533026E-02   1.0000000E+00   9.1976781E-01   0.0000000E+00 
68.6500           7.9292769E-02   1.0000000E+00   9.2606822E-01   0.0000000E+00 
68.7500           8.3001582E-02   1.0000000E+00   9.3235374E-01   0.0000000E+00 
68.8400           8.6650187E-02   1.0000000E+00   9.3861293E-01   0.0000000E+00 
68.9500           9.0229592E-02   1.0000000E+00   9.4483463E-01   0.0000000E+00 
69.0500           9.3731110E-02   1.0000000E+00   9.5100796E-01   0.0000000E+00 
69.1500           9.7146373E-02   1.0000000E+00   9.5712238E-01   0.0000000E+00 
69.2500           1.0046734E-01   1.0000000E+00   9.6316766E-01   0.0000000E+00 
69.3400           1.0368631E-01   1.0000000E+00   9.6913389E-01   0.0000000E+00 
69.4500           1.0679593E-01   1.0000000E+00   9.7501153E-01   0.0000000E+00 
69.5500           1.0978922E-01   1.0000000E+00   9.8079141E-01   0.0000000E+00 
69.6500           1.1265956E-01   1.0000000E+00   9.8646471E-01   0.0000000E+00 
69.7500           1.1540069E-01   1.0000000E+00   9.9202300E-01   0.0000000E+00 
69.8400           1.1800677E-01   1.0000000E+00   9.9745822E-01   0.0000000E+00 
69.9500           1.2047231E-01   1.0000000E+00   1.0027627E+00   0.0000000E+00 
70.0500           1.2279225E-01   1.0000000E+00   1.0079293E+00   0.0000000E+00 
70.1500           1.2496188E-01   1.0000000E+00   1.0129510E+00   0.0000000E+00 
70.2500           1.2697693E-01   1.0000000E+00   1.0178215E+00   0.0000000E+00 
70.3400           1.2883351E-01   1.0000000E+00   1.0225347E+00   0.0000000E+00 
70.4500           1.3052813E-01   1.0000000E+00   1.0270850E+00   0.0000000E+00 
70.5500           1.3205771E-01   1.0000000E+00   1.0314672E+00   0.0000000E+00 
70.6500           1.3341956E-01   1.0000000E+00   1.0356766E+00   0.0000000E+00 
70.7500           1.3461141E-01   1.0000000E+00   1.0397087E+00   0.0000000E+00 
70.8400           1.3563136E-01   1.0000000E+00   1.0435595E+00   0.0000000E+00 
70.9500           1.3647791E-01   1.0000000E+00   1.0472257E+00   0.0000000E+00 
71.0500           1.3714997E-01   1.0000000E+00   1.0507039E+00   0.0000000E+00 
71.1500           1.3764680E-01   1.0000000E+00   1.0539915E+00   0.0000000E+00 
71.2500           1.3796806E-01   1.0000000E+00   1.0570862E+00   0.0000000E+00 
71.3400           1.3811379E-01   1.0000000E+00   1.0599859E+00   0.0000000E+00 
71.4500           1.3808439E-01   1.0000000E+00   1.0626892E+00   0.0000000E+00 
71.5500           1.3788061E-01   1.0000000E+00   1.0651950E+00   0.0000000E+00 
71.6500           1.3750356E-01   1.0000000E+00   1.0675023E+00   0.0000000E+00 
71.7500           1.3695471E-01   1.0000000E+00   1.0696109E+00   0.0000000E+00 
71.8400           1.3623585E-01   1.0000000E+00   1.0715206E+00   0.0000000E+00 
71.9500           1.3534910E-01   1.0000000E+00   1.0732317E+00   0.0000000E+00 
72.0500           1.3429689E-01   1.0000000E+00   1.0747450E+00   0.0000000E+00 
72.1500           1.3308198E-01   1.0000000E+00   1.0760614E+00   0.0000000E+00 
72.2500           1.3170741E-01   1.0000000E+00   1.0771821E+00   0.0000000E+00 
72.3400           1.3017652E-01   1.0000000E+00   1.0781089E+00   0.0000000E+00 
72.4500           1.2849291E-01   1.0000000E+00   1.0788437E+00   0.0000000E+00 
72.5500           1.2666047E-01   1.0000000E+00   1.0793887E+00   0.0000000E+00 
72.6500           1.2468332E-01   1.0000000E+00   1.0797465E+00   0.0000000E+00 
72.7500           1.2256585E-01   1.0000000E+00   1.0799197E+00   0.0000000E+00 
72.8400           1.2031265E-01   1.0000000E+00   1.0799116E+00   0.0000000E+00 
72.9500           1.1792857E-01   1.0000000E+00   1.0797254E+00   0.0000000E+00 
73.0500           1.1541863E-01   1.0000000E+00   1.0793646E+00   0.0000000E+00 
73.1500           1.1278807E-01   1.0000000E+00   1.0788331E+00   0.0000000E+00 
73.2500           1.1004231E-01   1.0000000E+00   1.0781349E+00   0.0000000E+00 
73.3400           1.0718693E-01   1.0000000E+00   1.0772741E+00   0.0000000E+00 
73.4500           1.0422769E-01   1.0000000E+00   1.0762552E+00   0.0000000E+00 
73.5500           1.0117049E-01   1.0000000E+00   1.0750828E+00   0.0000000E+00 
73.6500           9.8021345E-02   1.0000000E+00   1.0737616E+00   0.0000000E+00 
73.7500           9.4786424E-02   1.0000000E+00   1.0722966E+00   0.0000000E+00 
73.8400           9.1471991E-02   1.0000000E+00   1.0706928E+00   0.0000000E+00 
73.9500           8.8084415E-02   1.0000000E+00   1.0689553E+00   0.0000000E+00 
74.0500           8.4630147E-02   1.0000000E+00   1.0670896E+00   0.0000000E+00 
74.1500           8.1115719E-02   1.0000000E+00   1.0651011E+00   0.0000000E+00 
74.2500           7.7547724E-02   1.0000000E+00   1.0629953E+00   0.0000000E+00 
74.3400           7.3932807E-02   1.0000000E+00   1.0607778E+00   0.0000000E+00 
74.4500           7.0277654E-02   1.0000000E+00   1.0584543E+00   0.0000000E+00 
74.5500           6.6588984E-02   1.0000000E+00   1.0560306E+00   0.0000000E+00 
74.6500           6.2873529E-02   1.0000000E+00   1.0535126E+00   0.0000000E+00 
74.7500           5.9138034E-02   1.0000000E+00   1.0509060E+00   0.0000000E+00 
74.8400           5.5389239E-02   1.0000000E+00   1.0482168E+00   0.0000000E+00 
74.9500           5.1633870E-02   1.0000000E+00   1.0454509E+00   0.0000000E+00 
75.0500           4.7878631E-02   1.0000000E+00   1.0426142E+00   0.0000000E+00 
75.1500           4.4130193E-02   1.0000000E+00   1.0397127E+00   0.0000000E+00 
75.2500           4.0395184E-02   1.0000000E+00   1.0367523E+00   0.0000000E+00 
75.3400           3.6680179E-02   1.0000000E+00   1.0337390E+00   0.0000000E+00 
75.4500           3.2991693E-02   1.0000000E+00   1.0306785E+00   0.0000000E+00 
75.5500           2.9336170E-02   1.0000000E+00   1.0275768E+00   0.0000000E+00 
75.6500           2.5719975E-02   1.0000000E+00   1.0244397E+00   0.0000000E+00 
75.7500           2.2149388E-02   1.0000000E+00   1.0212729E+00   0.0000000E+00 
75.8400           1.8630592E-02   1.0000000E+00   1.0180822E+00   0.0000000E+00 
75.9500           1.5169670E-02   1.0000000E+00   1.0148732E+00   0.0000000E+00 
76.0500           1.1772592E-02   1.0000000E+00   1.0116513E+00   0.0000000E+00 
76.1500           8.4452159E-03   1.0000000E+00   1.0084222E+00   0.0000000E+00 
76.2500           5.1932719E-03   1.0000000E+00   1.0051912E+00   0.0000000E+00 
76.3400           2.0223626E-03   1.0000000E+00   1.0019636E+00   0.0000000E+00 
76.4500           -1.0620457E-03   1.0000000E+00   9.9874456E-01   0.0000000E+00 
76.5500           -4.0546282E-03   1.0000000E+00   9.9553917E-01   0.0000000E+00 
76.6500           -6.9502073E-03   1.0000000E+00   9.9235241E-01   0.0000000E+00 
76.7500           -9.7437572E-03   1.0000000E+00   9.8918912E-01   0.0000000E+00 
76.8500           -1.2430409E-02   1.0000000E+00   9.8605403E-01   0.0000000E+00 
76.9500           -1.5005456E-02   1.0000000E+00   9.8295173E-01   0.0000000E+00 
77.0500           -1.7464355E-02   1.0000000E+00   9.7988667E-01   0.0000000E+00 
77.1500           -1.9802735E-02   1.0000000E+00   9.7686319E-01   0.0000000E+00 
77.2500           -2.2016395E-02   1.0000000E+00   9.7388546E-01   0.0000000E+00 
77.3500           -2.4101311E-02   1.0000000E+00   9.7095751E-01   0.0000000E+00 
77.4500           -2.6053640E-02   1.0000000E+00   9.6808323E-01   0.0000000E+00 
77.5500           -2.7869718E-02   1.0000000E+00   9.6526636E-01   0.0000000E+00 
77.6500           -2.9546067E-02   1.0000000E+00   9.6251048E-01   0.0000000E+00 
77.7500           -3.1079392E-02   1.0000000E+00   9.5981900E-01   0.0000000E+00 
77.8500           -3.2466590E-02   1.0000000E+00   9.5719518E-01   0.0000000E+00 
77.9500           -3.3704743E-02   1.0000000E+00   9.5464214E-01   0.0000000E+00 
78.0500           -3.4791125E-02   1.0000000E+00   9.5216282E-01   0.0000000E+00 
78.1500           -3.5723204E-02   1.0000000E+00   9.4975998E-01   0.0000000E+00 
78.2500           -3.6498635E-02   1.0000000E+00   9.4743623E-01   0.0000000E+00 
78.3500           -3.7115268E-02   1.0000000E+00   9.4519403E-01   0.0000000E+00 
78.4500           -3.7571146E-02   1.0000000E+00   9.4303565E-01   0.0000000E+00 
78.5500           -3.7864502E-02   1.0000000E+00   9.4096320E-01   0.0000000E+00 
78.6500           -3.7993764E-02   1.0000000E+00   9.3897863E-01   0.0000000E+00 
78.7500           -3.7957548E-02   1.0000000E+00   9.3708372E-01   0.0000000E+00 
78.8500           -3.7754663E-02   1.0000000E+00   9.3528007E-01   0.0000000E+00 
78.9500           -3.7384107E-02   1.0000000E+00   9.3356914E-01   0.0000000E+00 
79.0500           -3.6845065E-02   1.0000000E+00   9.3195220E-01   0.0000000E+00 
79.1500           -3.6136910E-02   1.0000000E+00   9.3043037E-01   0.0000000E+00 
79.2500           -3.5259199E-02   1.0000000E+00   9.2900460E-01   0.0000000E+00 
79.3500           -3.4211674E-02   1.0000000E+00   9.2767570E-01   0.0000000E+00 
79.4500           -3.2994256E-02   1.0000000E+00   9.2644428E-01   0.0000000E+00 
79.5500           -3.1607045E-02   1.0000000E+00   9.2531084E-01   0.0000000E+00 
79.6500           -3.0050321E-02   1.0000000E+00   9.2427567E-01   0.0000000E+00 
79.7500           -2.8324533E-02   1.0000000E+00   9.2333896E-01   0.0000000E+00 
79.8500           -2.6430304E-02   1.0000000E+00   9.2250072E-01   0.0000000E+00 
79.9500           -2.4368426E-02   1.0000000E+00   9.2176079E-01   0.0000000E+00 
80.0500           -2.2139855E-02   1.0000000E+00   9.2111892E-01   0.0000000E+00 
80.1500           -1.9745710E-02   1.0000000E+00   9.2057466E-01   0.0000000E+00 
80.2500           -1.7187269E-02   1.0000000E+00   9.2012744E-01   0.0000000E+00 
80.3500           -1.4465963E-02   1.0000000E+00   9.1977656E-01   0.0000000E+00 
80.4500           -1.1583380E-02   1.0000000E+00   9.1952119E-01   0.0000000E+00 
80.5500           -8.5412534E-03   1.0000000E+00   9.1936033E-01   0.0000000E+00 
80.6500           -5.3414610E-03   1.0000000E+00   9.1929288E-01   0.0000000E+00 
80.7500           -1.9860229E-03   1.0000000E+00   9.1931762E-01   0.0000000E+00 
80.8500           1.5229040E-03   1.0000000E+00   9.1943320E-01   0.0000000E+00 
80.9500           5.1830299E-03   1.0000000E+00   9.1963813E-01   0.0000000E+00 
81.0500           8.9919355E-03   1.0000000E+00   9.1993083E-01   0.0000000E+00 
81.1500           1.2947077E-02   1.0000000E+00   9.2030961E-01   0.0000000E+00 
81.2500           1.7045788E-02   1.0000000E+00   9.2077265E-01   0.0000000E+00 
81.3500           2.1285289E-02   1.0000000E+00   9.2131805E-01   0.0000000E+00 
81.4500           2.5662684E-02   1.0000000E+00   9.2194379E-01   0.0000000E+00 
81.5500           3.0174971E-02   1.0000000E+00   9.2264776E-01   0.0000000E+00 
81.6500           3.4819044E-02   1.0000000E+00   9.2342776E-01   0.0000000E+00 
81.7500           3.9591696E-02   1.0000000E+00   9.2428150E-01   0.0000000E+00 
81.8500           4.4489628E-02   1.0000000E+00   9.2520660E-01   0.0000000E+00 
81.9500           4.9509448E-02   1.0000000E+00   9.2620061E-01   0.0000000E+00 
82.0500           5.4647677E-02   1.0000000E+00   9.2726099E-01   0.0000000E+00 
82.1500           5.9900755E-02   1.0000000E+00   9.2838513E-01   0.0000000E+00 
82.2500           6.5265046E-02   1.0000000E+00   9.2957036E-01   0.0000000E+00 
82.3500           7.0736838E-02   1.0000000E+00   9.3081394E-01   0.0000000E+00 
82.4500           7.6312352E-02   1.0000000E+00   9.3211306E-01   0.0000000E+00 
82.5500           8.1987744E-02   1.0000000E+00   9.3346487E-01   0.0000000E+00 
82.6500           8.7759111E-02   1.0000000E+00   9.3486644E-01   0.0000000E+00 
82.7500           9.3622492E-02   1.0000000E+00   9.3631482E-01   0.0000000E+00 
82.8500           9.9573877E-02   1.0000000E+00   9.3780699E-01   0.0000000E+00 
82.9500           1.0560921E-01   1.0000000E+00   9.3933991E-01   0.0000000E+00 
83.0500           1.1172439E-01   1.0000000E+00   9.4091049E-01   0.0000000E+00 
83.1500           1.1791527E-01   1.0000000E+00   9.4251560E-01   0.0000000E+00 
83.2500           1.2417768E-01   1.0000000E+00   9.4415210E-01   0.0000000E+00 
83.3500           1.3050742E-01   1.0000000E+00   9.4581680E-01   0.0000000E+00 
83.4500           1.3690026E-01   1.0000000E+00   9.4750650E-01   0.0000000E+00 
83.5500           1.4335194E-01   1.0000000E+00   9.4921799E-01   0.0000000E+00 
83.6500           1.4985819E-01   1.0000000E+00   9.5094802E-01   0.0000000E+00 
83.7500           1.5641473E-01   1.0000000E+00   9.5269334E-01   0.0000000E+00 
83.8500           1.6301726E-01   1.0000000E+00   9.5445071E-01   0.0000000E+00 
83.9500           1.6966148E-01   1.0000000E+00   9.5621685E-01   0.0000000E+00 
84.0500           1.7634307E-01   1.0000000E+00   9.5798851E-01   0.0000000E+00 
84.1500           1.8305774E-01   1.0000000E+00   9.5976242E-01   0.0000000E+00 
84.2500           1.8980119E-01   1.0000000E+00   9.6153533E-01   0.0000000E+00 
84.3500           1.9656911E-01   1.0000000E+00   9.6330398E-01   0.0000000E+00 
84.4500           2.0335723E-01   1.0000000E+00   9.6506513E-01   0.0000000E+00 
84.5500           2.1016128E-01   1.0000000E+00   9.6681557E-01   0.0000000E+00 
84.6500           2.1697701E-01   1.0000000E+00   9.6855209E-01   0.0000000E+00 
84.7500           2.2380018E-01   1.0000000E+00   9.7027149E-01   0.0000000E+00 
84.8500           2.3062660E-01   1.0000000E+00   9.7197062E-01   0.0000000E+00 
84.9500           2.3745208E-01   1.0000000E+00   9.7364634E-01   0.0000000E+00 
85.0500           2.4427247E-01   1.0000000E+00   9.7529553E-01   0.0000000E+00 
85.1500           2.5108366E-01   1.0000000E+00   9.7691512E-01   0.0000000E+00 
85.2500           2.5788157E-01   1.0000000E+00   9.7850206E-01   0.0000000E+00 
85.3500           2.6466216E-01   1.0000000E+00   9.8005335E-01   0.0000000E+00 
85.4500           2.7142143E-01   1.0000000E+00   9.8156600E-01   0.0000000E+00 
85.5500           2.7815542E-01   1.0000000E+00   9.8303708E-01   0.0000000E+00 
85.6500           2.8486021E-01   1.0000000E+00   9.8446372E-01   0.0000000E+00 
85.7500           2.9153195E-01   1.0000000E+00   9.8584306E-01   0.0000000E+00 
85.8500           2.9816683E-01   1.0000000E+00   9.8717230E-01   0.0000000E+00 
85.9500           3.0476109E-01   1.0000000E+00   9.8844871E-01   0.0000000E+00 
86.0500           3.1131101E-01   1.0000000E+00   9.8966957E-01   0.0000000E+00 
86.1500           3.1781297E-01   1.0000000E+00   9.9083224E-01   0.0000000E+00 
86.2500           3.2426336E-01   1.0000000E+00   9.9193414E-01   0.0000000E+00 
86.3500           3.3065866E-01   1.0000000E+00   9.9297272E-01   0.0000000E+00 
86.4500           3.3699541E-01   1.0000000E+00   9.9394551E-01   0.0000000E+00 
86.5500           3.4327021E-01   1.0000000E+00   9.9485009E-01   0.0000000E+00 
86.6500           3.4947971E-01   1.0000000E+00   9.9568410E-01   0.0000000E+00 
86.7500           3.5562067E-01   1.0000000E+00   9.9644524E-01   0.0000000E+00 
86.8500           3.6168988E-01   1.0000000E+00   9.9713127E-01   0.0000000E+00 
86.9500           3.6768420E-01   1.0000000E+00   9.9774002E-01   0.0000000E+00 
87.0500           3.7360059E-01   1.0000000E+00   9.9826939E-01   0.0000000E+00 
87.1500           3.7943606E-01   1.0000000E+00   9.9871733E-01   0.0000000E+00 
87.2500           3.8518770E-01   1.0000000E+00   9.9908188E-01   0.0000000E+00 
87.3500           3.9085268E-01   1.0000000E+00   9.9936112E-01   0.0000000E+00 
87.4500           3.9642823E-01   1.0000000E+00   9.9955321E-01   0.0000000E+00 
87.5500           4.0191167E-01   1.0000000E+00   9.9965640E-01   0.0000000E+00 
87.6500           4.0730041E-01   1.0000000E+00   9.9966898E-01   0.0000000E+00 
87.7500           4.1259190E-01   1.0000000E+00   9.9958932E-01   0.0000000E+00 
87.8500           4.1778370E-01   1.0000000E+00   9.9941586E-01   0.0000000E+00 
87.9500           4.2287345E-01   1.0000000E+00   9.9914712E-01   0.0000000E+00 
88.0500           4.2785885E-01   1.0000000E+00   9.9878169E-01   0.0000000E+00 
88.1500           4.3273769E-01   1.0000000E+00   9.9831822E-01   0.0000000E+00 
88.2500           4.3750785E-01   1.0000000E+00   9.9775544E-01   0.0000000E+00 
88.3500           4.4216727E-01   1.0000000E+00   9.9709216E-01   0.0000000E+00 
88.4500           4.4671399E-01   1.0000000E+00   9.9632725E-01   0.0000000E+00 
88.5500           4.5114612E-01   1.0000000E+00   9.9545966E-01   0.0000000E+00 
88.6500           4.5546186E-01   1.0000000E+00   9.9448841E-01   0.0000000E+00 
88.7500           4.5965949E-01   1.0000000E+00   9.9341258E-01   0.0000000E+00 
88.8500           4.6373736E-01   1.0000000E+00   9.9223135E-01   0.0000000E+00 
88.9500           4.6769392E-01   1.0000000E+00   9.9094396E-01   0.0000000E+00 
89.0500           4.7152768E-01   1.0000000E+00   9.8954970E-01   0.0000000E+00 
89.1500           4.7523725E-01   1.0000000E+00   9.8804797E-01   0.0000000E+00 
89.2500           4.7882130E-01   1.0000000E+00   9.8643822E-01   0.0000000E+00 
89.3500           4.8227861E-01   1.0000000E+00   9.8471996E-01   0.0000000E+00 
89.4500           4.8560801E-01   1.0000000E+00   9.8289279E-01   0.0000000E+00 
89.5500           4.8880843E-01   1.0000000E+00   9.8095637E-01   0.0000000E+00 
89.6500           4.9187886E-01   1.0000000E+00   9.7891044E-01   0.0000000E+00 
89.7500           4.9481839E-01   1.0000000E+00   9.7675480E-01   0.0000000E+00 
89.8500           4.9762618E-01   1.0000000E+00   9.7448932E-01   0.0000000E+00 
89.9500           5.0030146E-01   1.0000000E+00   9.7211394E-01   0.0000000E+00 
90.0500           5.0284354E-01   1.0000000E+00   9.6962865E-01   0.0000000E+00 
90.1500           5.0525181E-01   1.0000000E+00   9.6703354E-01   0.0000000E+00 
90.2500           5.0752574E-01   1.0000000E+00   9.6432873E-01   0.0000000E+00 
90.3500           5.0966487E-01   1.0000000E+00   9.6151444E-01   0.0000000E+00 
90.4500           5.1166879E-01   1.0000000E+00   9.5859091E-01   0.0000000E+00 
90.5500           5.1353721E-01   1.0000000E+00   9.5555849E-01   0.0000000E+00 
90.6500           5.1526988E-01   1.0000000E+00   9.5241756E-01   0.0000000E+00 
90.7500           5.1686663E-01   1.0000000E+00   9.4916856E-01   0.0000000E+00 
90.8500           5.1832735E-01   1.0000000E+00   9.4581202E-01   0.0000000E+00 
90.9500           5.1965201E-01   1.0000000E+00   9.4234850E-01   0.0000000E+00 
91.0500           5.2084066E-01   1.0000000E+00   9.3877863E-01   0.0000000E+00 
91.1500           5.2189339E-01   1.0000000E+00   9.3510309E-01   0.0000000E+00 
91.2500           5.2281037E-01   1.0000000E+00   9.3132263E-01   0.0000000E+00 
91.3500           5.2359184E-01   1.0000000E+00   9.2743804E-01   0.0000000E+00 
91.4500           5.2423811E-01   1.0000000E+00   9.2345017E-01   0.0000000E+00 
91.5500           5.2474952E-01   1.0000000E+00   9.1935992E-01   0.0000000E+00 
91.6500           5.2512651E-01   1.0000000E+00   9.1516825E-01   0.0000000E+00 
91.7500           5.2536956E-01   1.0000000E+00   9.1087617E-01   0.0000000E+00 
91.8500           5.2547922E-01   1.0000000E+00   9.0648472E-01   0.0000000E+00 
91.9500           5.2545609E-01   1.0000000E+00   9.0199501E-01   0.0000000E+00 
92.0500           5.2530082E-01   1.0000000E+00   8.9740819E-01   0.0000000E+00 
92.1500           5.2501414E-01   1.0000000E+00   8.9272545E-01   0.0000000E+00 
92.2500           5.2459681E-01   1.0000000E+00   8.8794804E-01   0.0000000E+00 
92.3500           5.2404966E-01   1.0000000E+00   8.8307723E-01   0.0000000E+00 
92.4500           5.2337357E-01   1.0000000E+00   8.7811435E-01   0.0000000E+00 
92.5500           5.2256947E-01   1.0000000E+00   8.7306077E-01   0.0000000E+00 
92.6500           5.2163832E-01   1.0000000E+00   8.6791789E-01   0.0000000E+00 
92.7500           5.2058116E-01   1.0000000E+00   8.6268715E-01   0.0000000E+00 
92.8500           5.1939906E-01   1.0000000E+00   8.5737004E-01   0.0000000E+00 
92.9500           5.1809313E-01   1.0000000E+00   8.5196808E-01   0.0000000E+00 
93.0500           5.1666455E-01   1.0000000E+00   8.4648280E-01   0.0000000E+00 
93.1500           5.1511451E-01   1.0000000E+00   8.4091581E-01   0.0000000E+00 
93.2500           5.1344427E-01   1.0000000E+00   8.3526871E-01   0.0000000E+00 
93.3500           5.1165511E-01   1.0000000E+00   8.2954315E-01   0.0000000E+00 
93.4500           5.0974837E-01   1.0000000E+00   8.2374081E-01   0.0000000E+00 
93.5500           5.0772541E-01   1.0000000E+00   8.1786340E-01   0.0000000E+00 
93.6500           5.0558763E-01   1.0000000E+00   8.1191265E-01   0.0000000E+00 
93.7500           5.0333648E-01   1.0000000E+00   8.0589031E-01   0.0000000E+00 
93.8500           5.0097342E-01   1.0000000E+00   7.9979817E-01   0.0000000E+00 
93.9500           4.9849996E-01   1.0000000E+00   7.9363803E-01   0.0000000E+00 
94.0500           4.9591765E-01   1.0000000E+00   7.8741174E-01   0.0000000E+00 
94.1500           4.9322804E-01   1.0000000E+00   7.8112112E-01   0.0000000E+00 
94.2500           4.9043274E-01   1.0000000E+00   7.7476806E-01   0.0000000E+00 
94.3500           4.8753337E-01   1.0000000E+00   7.6835444E-01   0.0000000E+00 
94.4500           4.8453159E-01   1.0000000E+00   7.6188216E-01   0.0000000E+00 
94.5500           4.8142908E-01   1.0000000E+00   7.5535315E-01   0.0000000E+00 
94.6500           4.7822752E-01   1.0000000E+00   7.4876935E-01   0.0000000E+00 
94.7500           4.7492866E-01   1.0000000E+00   7.4213270E-01   0.0000000E+00 
94.8500           4.7153423E-01   1.0000000E+00   7.3544517E-01   0.0000000E+00 
94.9500           4.6804601E-01   1.0000000E+00   7.2870874E-01   0.0000000E+00 
95.0500           4.6446578E-01   1.0000000E+00   7.2192538E-01   0.0000000E+00 
95.1500           4.6079534E-01   1.0000000E+00   7.1509710E-01   0.0000000E+00 
95.2500           4.5703653E-01   1.0000000E+00   7.0822589E-01   0.0000000E+00 
95.3500           4.5319117E-01   1.0000000E+00   7.0131377E-01   0.0000000E+00 
95.4500           4.4926112E-01   1.0000000E+00   6.9436276E-01   0.0000000E+00 
95.5500           4.4524826E-01   1.0000000E+00   6.8737488E-01   0.0000000E+00 
95.6500           4.4115446E-01   1.0000000E+00   6.8035215E-01   0.0000000E+00 
95.7500           4.3698161E-01   1.0000000E+00   6.7329662E-01   0.0000000E+00 
95.8500           4.3273162E-01   1.0000000E+00   6.6621030E-01   0.0000000E+00 
95.9500           4.2840641E-01   1.0000000E+00   6.5909525E-01   0.0000000E+00 
96.0500           4.2400790E-01   1.0000000E+00   6.5195351E-01   0.0000000E+00 
96.1500           4.1953804E-01   1.0000000E+00   6.4478711E-01   0.0000000E+00 
96.2500           4.1499876E-01   1.0000000E+00   6.3759810E-01   0.0000000E+00 
96.3500           4.1039203E-01   1.0000000E+00   6.3038855E-01   0.0000000E+00 
96.4500           4.0571982E-01   1.0000000E+00   6.2316050E-01   0.0000000E+00 
96.5500           4.0098414E-01   1.0000000E+00   6.1591604E-01   0.0000000E+00 
96.6500           3.9618701E-01   1.0000000E+00   6.0865726E-01   0.0000000E+00 
96.7500           3.9133050E-01   1.0000000E+00   6.0138634E-01   0.0000000E+00 
96.8500           3.8641680E-01   1.0000000E+00   5.9410551E-01   0.0000000E+00 
96.9500           3.8144827E-01   1.0000000E+00   5.8681725E-01   0.0000000E+00 
97.0500           3.7642772E-01   1.0000000E+00   5.7952451E-01   0.0000000E+00 
97.1500           3.7135912E-01   1.0000000E+00   5.7223153E-01   0.0000000E+00 
97.2500           3.6624998E-01   1.0000000E+00   5.6494653E-01   0.0000000E+00 
97.3500           3.6111904E-01   1.0000000E+00   5.5769012E-01   0.0000000E+00 
97.4500           3.5599884E-01   1.0000000E+00   5.5049705E-01   0.0000000E+00 
97.5500           3.5089108E-01   1.0000000E+00   5.4336587E-01   0.0000000E+00 
97.6500           3.4577441E-01   1.0000000E+00   5.3627053E-01   0.0000000E+00 
97.7500           3.4063957E-01   1.0000000E+00   5.2919990E-01   0.0000000E+00 
97.8500           3.3548459E-01   1.0000000E+00   5.2215138E-01   0.0000000E+00 
97.9500           3.3030987E-01   1.0000000E+00   5.1512508E-01   0.0000000E+00 
98.0500           3.2511657E-01   1.0000000E+00   5.0812204E-01   0.0000000E+00 
98.1500           3.1990620E-01   1.0000000E+00   5.0114363E-01   0.0000000E+00 
98.2500           3.1468037E-01   1.0000000E+00   4.9419140E-01   0.0000000E+00 
98.3500           3.0944076E-01   1.0000000E+00   4.8726692E-01   0.0000000E+00 
98.4500           3.0418906E-01   1.0000000E+00   4.8037183E-01   0.0000000E+00 
98.5500           2.9892698E-01   1.0000000E+00   4.7350773E-01   0.0000000E+00 
98.6500           2.9365621E-01   1.0000000E+00   4.6667624E-01   0.0000000E+00 
98.7500           2.8837842E-01   1.0000000E+00   4.5987894E-01   0.0000000E+00 
98.8500           2.8309528E-01   1.0000000E+00   4.5311740E-01   0.0000000E+00 
98.9500           2.7780842E-01   1.0000000E+00   4.4639319E-01   0.0000000E+00 
99.0500           2.7251948E-01   1.0000000E+00   4.3970780E-01   0.0000000E+00 
99.1500           2.6723003E-01   1.0000000E+00   4.3306276E-01   0.0000000E+00 
99.2500           2.6194168E-01   1.0000000E+00   4.2645951E-01   0.0000000E+00 
99.3500           2.5665595E-01   1.0000000E+00   4.1989952E-01   0.0000000E+00 
99.4500           2.5137438E-01   1.0000000E+00   4.1338419E-01   0.0000000E+00 
99.5500           2.4609848E-01   1.0000000E+00   4.0691492E-01   0.0000000E+00 
99.6500           2.4082972E-01   1.0000000E+00   4.0049305E-01   0.0000000E+00 
99.7500           2.3556956E-01   1.0000000E+00   3.9411992E-01   0.0000000E+00 
99.8500           2.3031941E-01   1.0000000E+00   3.8779683E-01   0.0000000E+00 
99.9500           2.2508068E-01   1.0000000E+00   3.8152505E-01   0.0000000E+00 
