# # Depth (m) | Veff (m^3) | Err (m^3) (statistical only)
1.398400000000000091e+03 6.848105440301059161e+02 1.691118646217852373e+01
1.408400000000000091e+03 7.379554864714666564e+02 1.822358452465357459e+01
1.418400000000000091e+03 8.078031251086837301e+02 1.994845054962078734e+01
1.428400000000000091e+03 8.746139098921087225e+02 2.159832239958942068e+01
1.438400000000000091e+03 8.746139098921087225e+02 2.159832239958942068e+01
1.448400000000000091e+03 7.926188558397235511e+02 1.957347967462791161e+01
1.458400000000000091e+03 9.125745830645092838e+02 2.253574958707160292e+01
1.468400000000000091e+03 1.132746487464432221e+03 2.797282727446824069e+01
1.478400000000000091e+03 1.466800411381557069e+03 3.622218652431142516e+01
1.488400000000000091e+03 1.677861754220104331e+03 4.143428168671234602e+01
1.498400000000000091e+03 2.058986912871005643e+03 5.084605064903342253e+01
1.508500000000000000e+03 2.045321070528941391e+03 5.050857686153983650e+01
1.518599999999999909e+03 1.491095242211893719e+03 3.682213992430001781e+01
1.528700000000000045e+03 9.824222217017262437e+02 2.426061561203881212e+01
1.538799999999999955e+03 7.364370595445706158e+02 1.818608743715428488e+01
1.548700000000000045e+03 6.726631286149377047e+02 1.661120976218422385e+01
1.558700000000000045e+03 8.260242482314359904e+02 2.039841559961222828e+01
1.568500000000000000e+03 8.609480675500444704e+02 2.126084861209583821e+01
1.578500000000000000e+03 7.911004289128275104e+02 1.953598258712862545e+01
1.588500000000000000e+03 9.216851446258854139e+02 2.276073211206732338e+01
1.598500000000000000e+03 1.103896375853408017e+03 2.726038261198178603e+01
1.608500000000000000e+03 1.198038845320961400e+03 2.958520203693759498e+01
1.618500000000000000e+03 1.043159298777567074e+03 2.576049911201030085e+01
1.628500000000000000e+03 1.011272333312750561e+03 2.497306027452526678e+01
1.638500000000000000e+03 1.518426926896021996e+03 3.749708749928718987e+01
1.648400000000000091e+03 1.952697027988284162e+03 4.822125452408332080e+01
1.658400000000000091e+03 2.250308705659904263e+03 5.557068367394361275e+01
1.668400000000000091e+03 2.516033417866708078e+03 6.213267398631887062e+01
1.678500000000000000e+03 2.368746005957794296e+03 5.849545649888801790e+01
1.688500000000000000e+03 2.103021293750990480e+03 5.193346618651275293e+01
1.698500000000000000e+03 1.729488269734569030e+03 4.270918266168811073e+01
1.708500000000000000e+03 1.369621088060211832e+03 3.382237292435704745e+01
1.718500000000000000e+03 1.116043791268576115e+03 2.756035931197608235e+01
1.728500000000000000e+03 1.152486037514080863e+03 2.846028941195897843e+01
1.738500000000000000e+03 1.029493456435502821e+03 2.542302532451671127e+01
1.748500000000000000e+03 1.041640871850670919e+03 2.572300202451100759e+01
1.758500000000000000e+03 1.272441764738866368e+03 3.142255932440266264e+01
1.768500000000000000e+03 1.814520177640746169e+03 4.480901956164819211e+01
1.778500000000000000e+03 1.846407143105562682e+03 4.559645839913321907e+01
1.788500000000000000e+03 1.644456361828391664e+03 4.060934576172802224e+01
1.798500000000000000e+03 1.721896135100088941e+03 4.252169722419167641e+01
1.808500000000000000e+03 2.112131855312366497e+03 5.215844871150847695e+01
1.818400000000000091e+03 2.248790278733008563e+03 5.553318658644432304e+01
1.828400000000000091e+03 1.864628266228314942e+03 4.604642344912466712e+01
1.838400000000000091e+03 1.727969842807672876e+03 4.267168557418882102e+01
1.848400000000000091e+03 1.365065807279523824e+03 3.370988166185918544e+01
1.858400000000000091e+03 1.088712106584447838e+03 2.688541173698891384e+01
1.868500000000000000e+03 1.072009410388591505e+03 2.647294377449675196e+01
1.878500000000000000e+03 1.456171422893285126e+03 3.595970691181641854e+01
1.888500000000000000e+03 1.768967369833865632e+03 4.368410693666957201e+01
1.898500000000000000e+03 2.180461067022687530e+03 5.384581764897639999e+01
1.908500000000000000e+03 2.572215214161861240e+03 6.352006622379249734e+01
1.918500000000000000e+03 2.702799929874919144e+03 6.674481574873119882e+01
1.928500000000000000e+03 2.376338140592274613e+03 5.868294193638445222e+01
1.938500000000000000e+03 2.054431632090318089e+03 5.073355938653557473e+01
1.948500000000000000e+03 1.577645577044967013e+03 3.895947391175938890e+01
1.958500000000000000e+03 1.141857049025808692e+03 2.819780979946396826e+01
1.968500000000000000e+03 1.005198625605166626e+03 2.482307192452811861e+01
1.978500000000000000e+03 8.153952597431638196e+02 2.013593598711722166e+01
1.988400000000000091e+03 5.101914474370634025e+02 1.259902139976049540e+01
1.998400000000000091e+03 5.496705475363600044e+02 1.357394567474196378e+01
2.008400000000000091e+03 6.681078478342496965e+02 1.649871849968636539e+01
2.018500000000000000e+03 6.134444784659929155e+02 1.514882334971202305e+01
2.028500000000000000e+03 3.780883047971094584e+02 9.336774787322509539e+00
2.038500000000000000e+03 3.052038123061004171e+02 7.536914587356725370e+00
2.048500000000000000e+03 2.717984199143879209e+02 6.711978662372406035e+00
2.058500000000000000e+03 4.312332472384701987e+02 1.064917284979756218e+01
2.068500000000000000e+03 5.223388628522315003e+02 1.289899809975479350e+01
2.078500000000000000e+03 6.316656015887451758e+02 1.559878839970347109e+01
2.088500000000000000e+03 1.281552326300242612e+03 3.164754184939838666e+01
2.098500000000000000e+03 2.628397010457013948e+03 6.490745846126611696e+01
2.108500000000000000e+03 2.745315883828007827e+03 6.779473419871123951e+01
2.118400000000000091e+03 1.772004223687657714e+03 4.375910111166815142e+01
2.128400000000000091e+03 1.828186019982810649e+03 4.514649334914177814e+01
2.138400000000000091e+03 2.496293867817060345e+03 6.164521184882813998e+01
2.148400000000000091e+03 2.623841729676326395e+03 6.479496719876826205e+01
2.158300000000000182e+03 2.265492974928864442e+03 5.594565454893648138e+01
2.168300000000000182e+03 1.645974788755287818e+03 4.064684284922731194e+01
2.178300000000000182e+03 1.383286930402275857e+03 3.415984671185062638e+01
2.188199999999999818e+03 1.501724230700165890e+03 3.708461953679503154e+01
2.198199999999999818e+03 1.427321311282260694e+03 3.524726224932995677e+01
2.208199999999999818e+03 1.717340854319400705e+03 4.240920596169380730e+01
2.218199999999999818e+03 2.046839497455837773e+03 5.054607394903914042e+01
2.228199999999999818e+03 2.339895894346769637e+03 5.778301183640155614e+01
2.238300000000000182e+03 2.393040836788130491e+03 5.909540989887661055e+01
2.248300000000000182e+03 2.740760603047319819e+03 6.768224293621337040e+01
2.258300000000000182e+03 2.728613187632151494e+03 6.738226623621908118e+01
2.268199999999999818e+03 2.812126668611432706e+03 6.944460604867987286e+01
2.278199999999999818e+03 3.449865977907761589e+03 8.519338279838049743e+01
2.288099999999999909e+03 3.352686654586416807e+03 8.279356919842612683e+01
2.298000000000000000e+03 3.399757889320193499e+03 8.395597891090402243e+01
2.308000000000000000e+03 3.896283494415192763e+03 9.621752652317093180e+01
2.318000000000000000e+03 4.014720794713081887e+03 9.914229934811531564e+01
2.328000000000000000e+03 2.941192957397594455e+03 7.263185848611928463e+01
2.338000000000000000e+03 2.415817240691570987e+03 5.965786621136591350e+01
2.348000000000000000e+03 1.802372762225578072e+03 4.450904286165389578e+01
2.357900000000000091e+03 1.308884010984370889e+03 3.232248942438555872e+01
2.367800000000000182e+03 1.579164003971862940e+03 3.899697099925867860e+01
2.377800000000000182e+03 1.817557031494538251e+03 4.488401373664676441e+01
2.387800000000000182e+03 2.134908259215806993e+03 5.272090502399778700e+01
2.397900000000000091e+03 3.089998796233404846e+03 7.630657306104943416e+01
2.408000000000000000e+03 3.064185538476172496e+03 7.566912257356155180e+01
2.418000000000000000e+03 2.705836783728710998e+03 6.681980992372976402e+01
2.428099999999999909e+03 3.127959469405805521e+03 7.724400024853160573e+01
2.438099999999999909e+03 3.115812053990636741e+03 7.694402354853730230e+01
2.448199999999999818e+03 3.524268897325666785e+03 8.703074008584556509e+01
2.458199999999999818e+03 3.938799448368280537e+03 9.726744497315095828e+01
2.468300000000000182e+03 4.192376745159916936e+03 1.035294585855319269e+02
2.478400000000000091e+03 3.709516982406981697e+03 9.160538476075861070e+01
2.488400000000000091e+03 2.812126668611432706e+03 6.944460604867987286e+01
