3.089861441250747465e+00 6.511237988226294959e+00 8.061891536127806290e+00 1.334399873906461842e+01
3.687760474379953024e+00 9.206846294724751800e+00 7.056892092080421008e+00 2.033447796695957521e+01
4.755990193779354058e+00 1.500100998199266655e+01 7.918198385623952618e+00 2.716349516916506701e+01
4.161323592331465093e+00 1.846807557178441783e+01 8.290885061112032162e+00 2.915888108547937918e+01
4.858546582285716120e+00 2.371556117422299437e+01 8.316131279796167064e+00 3.013666907449029608e+01
4.416609017001279724e+00 2.402196281549037593e+01 5.944054532901019705e+00 2.688951621669864522e+01
4.241932849557262131e+00 2.078417987388736066e+01 4.251410945930765628e+00 1.967574106445347226e+01
2.682261984590113002e+00 1.685887669798573185e+01 3.100581809161640834e+00 1.368539798691260323e+01
2.055132292211923506e+00 1.183315598477909170e+01 2.176654203925395770e+00 8.626110835695447676e+00
1.341164148107049314e+00 7.370387175604532715e+00 1.181492676734829050e+00 5.169789147357061410e+00
5.257268267923621563e-01 4.240373539011100590e+00 5.845158770960300343e-01 3.132114814056924601e+00
4.061716748245200459e-01 2.236102850973347600e+00 4.679634313947692026e-01 1.460857740121612958e+00
2.195997038304998428e-01 9.895898652244874416e-01 2.471272506036309435e-01 7.277379168692946765e-01
8.341819964885507921e-02 5.238898040348032303e-01 1.505895279278118282e-01 2.729156219387980919e-01
4.211866487504677126e-02 1.566413239867224250e-01 4.599371224397163366e-02 1.193805992558851364e-01
2.714241589208084282e-02 8.338587537218372647e-02 4.508608848711272848e-02 7.064948059476641729e-02
1.844253046959965295e-02 3.755869578260771779e-02 2.622974088166969697e-02 3.305282712721815952e-02
5.995500437211199497e-03 1.498721284009965106e-02 1.728569778862913686e-02 1.941571689640319426e-02
3.805291538634107511e-03 6.444854792138551662e-03 7.451532960123743825e-03 7.902577553225341445e-03
1.819792707542749848e-03 2.458571766984925331e-03 4.907689207929143323e-03 2.641840600945239217e-03
