6.527667732669247158e+00 1.572399504857658670e+01 7.940661052085300931e+00 1.744661363272786758e+01
7.705287797738191280e+00 2.136081498202608131e+01 8.092022054190566749e+00 1.702082714584039635e+01
8.978343892833384743e+00 3.289484907376378686e+01 8.458049129764468432e+00 2.374078172619524452e+01
1.018915360538465009e+01 4.314822578186939950e+01 7.078136059821146908e+00 2.771652712227643534e+01
1.139603304698735720e+01 4.658046787909767517e+01 8.020750803580806831e+00 2.741545888558858834e+01
1.055779068916672969e+01 4.754306776407695878e+01 5.955736760458294476e+00 2.564410195938663506e+01
9.094442835262192659e+00 4.283689300676736877e+01 5.804264199541615987e+00 1.967368194400614101e+01
6.929243947776078549e+00 3.661181458392843524e+01 2.897482762293303704e+00 1.339005147281507213e+01
4.729446376697818089e+00 2.285676187070780330e+01 1.909525686040400405e+00 8.583922427033767732e+00
3.284101810098867258e+00 1.619894737684950670e+01 1.841365647993479016e+00 5.143973488957198192e+00
1.990507224546407938e+00 9.597787387239398171e+00 8.468152812577768307e-01 3.018736058703526126e+00
1.264994646535920308e+00 5.588358929370582651e+00 6.357181921623270560e-01 1.245319621802496668e+00
5.750442902678956081e-01 2.937106682954190529e+00 2.475303953927216194e-01 6.939062054876243835e-01
2.501089779057302787e-01 1.489566185708842694e+00 1.778155817207628664e-01 2.897509510327951898e-01
1.225169583920170391e-01 6.220843552315389324e-01 7.625643333597295626e-02 1.357843282781651117e-01
1.163266420869436824e-01 2.388753008028010605e-01 4.560871829879142858e-02 6.943581114997567083e-02
5.374941789080019128e-02 1.281903902408937090e-01 3.112025522743210731e-02 3.989905166042580220e-02
3.958790174346671353e-02 4.093353177375634588e-02 1.213674516085012055e-02 1.906662561616761023e-02
2.030128889322345420e-02 2.315855412502677499e-02 8.007414606662988099e-03 1.663118515116999985e-02
6.428039487625221426e-03 8.259872957995356355e-03 5.434099515594209215e-03 6.422628983112556311e-03
