# Time [ms] Counts/bin
0.000000000000000000e+00 1.470069448322493372e+03
1.000000000000000000e+00 1.477406786827853921e+03
2.000000000000000000e+00 1.565647130349252848e+03
3.000000000000000000e+00 1.502863802709518950e+03
4.000000000000000000e+00 1.494703669631267076e+03
5.000000000000000000e+00 1.515665065527056640e+03
6.000000000000000000e+00 1.578794460105961207e+03
7.000000000000000000e+00 1.604621663616860360e+03
8.000000000000000000e+00 1.600151057086888386e+03
9.000000000000001776e+00 1.496529964385093081e+03
1.000000000000000000e+01 1.587505364818881162e+03
1.100000000000000000e+01 1.522770548623963123e+03
1.200000000000000000e+01 1.641250952785923801e+03
1.300000000000000178e+01 1.680093932594528042e+03
1.400000000000000000e+01 1.488926261360434637e+03
1.500000000000000000e+01 1.500037978382556503e+03
1.600000000000000000e+01 1.638025476045472260e+03
1.700000000000000000e+01 1.683669053746639065e+03
1.800000000000000355e+01 1.575594845072443604e+03
1.900000000000000000e+01 1.615673312408846414e+03
2.000000000000000000e+01 1.570754631729349285e+03
2.100000000000000000e+01 1.694725386542488422e+03
2.200000000000000000e+01 1.549191726725312265e+03
2.300000000000000000e+01 1.608526158935495005e+03
2.400000000000000000e+01 1.710362108661262255e+03
2.500000000000000000e+01 1.662750138418853339e+03
2.600000000000000355e+01 1.610959479042316389e+03
2.700000000000000000e+01 1.571871391293884244e+03
2.800000000000000000e+01 1.673847066456768061e+03
2.900000000000000000e+01 1.666122732137105913e+03
3.000000000000000000e+01 1.699696867387160637e+03
3.100000000000000000e+01 1.671143483658679315e+03
3.200000000000000000e+01 1.646068890214535259e+03
3.300000000000000000e+01 1.705573319822956819e+03
3.400000000000000000e+01 1.685367128006273106e+03
3.500000000000000000e+01 1.655498096300847237e+03
3.600000000000000711e+01 1.757011904872461855e+03
3.700000000000000000e+01 1.699710554660241087e+03
3.800000000000000000e+01 1.678419501443044510e+03
3.900000000000000000e+01 1.761166853226351577e+03
4.000000000000000000e+01 1.793280661306408319e+03
4.100000000000000000e+01 1.657144768541378198e+03
4.200000000000000000e+01 1.706205050771484366e+03
4.300000000000000000e+01 1.634049983192787067e+03
4.400000000000000000e+01 1.744408380927133294e+03
4.500000000000000000e+01 1.765800573460309124e+03
4.600000000000000000e+01 1.841317971398493455e+03
4.700000000000000000e+01 1.716452997071788332e+03
4.800000000000000000e+01 1.792881527803786412e+03
4.900000000000000000e+01 1.782010759731424287e+03
5.000000000000000000e+01 1.818921524662463980e+03
5.100000000000000711e+01 1.772602657502791317e+03
5.200000000000000711e+01 1.672106298920529753e+03
5.300000000000000000e+01 1.816006492523779343e+03
5.400000000000000000e+01 1.743703293137979244e+03
5.500000000000000000e+01 1.866593336134982110e+03
5.600000000000000000e+01 1.848367935426772192e+03
5.700000000000000000e+01 1.860150324374500542e+03
5.800000000000000000e+01 1.784161881608106114e+03
5.900000000000000711e+01 1.758113918662611923e+03
6.000000000000000000e+01 1.846449771835745651e+03
6.100000000000000000e+01 1.801573826415288750e+03
6.200000000000000000e+01 1.753206944273214049e+03
6.300000000000000000e+01 1.727780855432745739e+03
6.400000000000000000e+01 1.914408801777805365e+03
6.500000000000000000e+01 1.832623117186726859e+03
6.600000000000000000e+01 1.845356123526825513e+03
6.700000000000000000e+01 1.779636405516121158e+03
6.800000000000000000e+01 1.688272105777733032e+03
6.900000000000000000e+01 1.829483582452641031e+03
7.000000000000000000e+01 1.837653888567612285e+03
7.100000000000001421e+01 1.819221815351438863e+03
7.200000000000001421e+01 1.820431719941155734e+03
7.300000000000000000e+01 1.823946482406620817e+03
7.400000000000000000e+01 1.894602682402093251e+03
7.500000000000000000e+01 1.799336077423415645e+03
7.600000000000000000e+01 1.704386593548399105e+03
7.700000000000000000e+01 1.827174683351512158e+03
7.800000000000000000e+01 1.667649786987603193e+03
7.900000000000000000e+01 1.918032089669652123e+03
8.000000000000000000e+01 1.847808467492046020e+03
8.100000000000000000e+01 1.770052691378993813e+03
8.200000000000000000e+01 1.765088447107648790e+03
8.300000000000000000e+01 1.713996174787167320e+03
8.400000000000000000e+01 1.776466010170775462e+03
8.500000000000000000e+01 1.877669743408369868e+03
8.600000000000000000e+01 1.856281758227035198e+03
8.700000000000001421e+01 1.750511480898125683e+03
8.800000000000000000e+01 1.839324301233566530e+03
8.900000000000000000e+01 1.731544728193242463e+03
9.000000000000000000e+01 1.749649695929522068e+03
9.100000000000000000e+01 1.813724996943569067e+03
9.200000000000000000e+01 1.801639536258955559e+03
9.300000000000000000e+01 1.880279058511777066e+03
9.400000000000000000e+01 1.825715004361330784e+03
9.500000000000000000e+01 1.719799384316396754e+03
9.600000000000000000e+01 1.722422090871302316e+03
9.700000000000000000e+01 1.872603355970463326e+03
9.800000000000000000e+01 1.796631136996397117e+03
9.900000000000000000e+01 1.825991145505163786e+03
1.000000000000000000e+02 1.783166634667259586e+03
1.010000000000000000e+02 1.877136140407148559e+03
1.020000000000000142e+02 1.766893026900602536e+03
1.030000000000000142e+02 1.833765282254463045e+03
1.040000000000000142e+02 1.763814110727776551e+03
1.050000000000000000e+02 1.877838741135193686e+03
1.060000000000000000e+02 1.757632079656543738e+03
1.070000000000000000e+02 1.682820922856162042e+03
1.080000000000000000e+02 1.768846462525713378e+03
1.090000000000000000e+02 1.840356574554000872e+03
1.100000000000000000e+02 1.691153256891293950e+03
1.110000000000000000e+02 1.743402736423118313e+03
1.120000000000000000e+02 1.648192108226839991e+03
1.130000000000000000e+02 1.855593743704433109e+03
1.140000000000000000e+02 1.663757982431867958e+03
1.150000000000000000e+02 1.618252730222569653e+03
1.160000000000000000e+02 1.765187879110918402e+03
1.170000000000000000e+02 1.852421160932612565e+03
1.180000000000000142e+02 1.722161859290778466e+03
1.190000000000000142e+02 1.746701602833092466e+03
1.200000000000000000e+02 1.676768688310970219e+03
1.210000000000000000e+02 1.669211242128831373e+03
1.220000000000000000e+02 1.764679382242468137e+03
1.230000000000000000e+02 1.681940588178913004e+03
1.240000000000000000e+02 1.797082446320553800e+03
1.250000000000000000e+02 1.778999586757234283e+03
1.260000000000000000e+02 1.669416750471009891e+03
1.270000000000000000e+02 1.745464674105180165e+03
1.280000000000000000e+02 1.639171106430189639e+03
1.290000000000000000e+02 1.728545175470538652e+03
1.300000000000000000e+02 1.738151766023927394e+03
1.310000000000000000e+02 1.671452098888253886e+03
1.320000000000000000e+02 1.706393284089126155e+03
1.330000000000000000e+02 1.775291299968558633e+03
1.340000000000000000e+02 1.694805327242446765e+03
1.350000000000000000e+02 1.755839794279667103e+03
1.360000000000000000e+02 1.771386611693655368e+03
1.370000000000000000e+02 1.650662299326535049e+03
1.380000000000000000e+02 1.713871528683349652e+03
1.390000000000000000e+02 1.677253902760748588e+03
1.400000000000000000e+02 1.591001484726551780e+03
1.410000000000000000e+02 1.821144148490197040e+03
1.420000000000000284e+02 1.733227629253114628e+03
1.430000000000000284e+02 1.770794673270071598e+03
1.440000000000000284e+02 1.632872410500430988e+03
1.450000000000000000e+02 1.797175917633752533e+03
1.460000000000000000e+02 1.618051052818782409e+03
1.470000000000000000e+02 1.719401994250154075e+03
1.480000000000000000e+02 1.656488469588911585e+03
1.490000000000000000e+02 1.646696382720591828e+03
1.500000000000000000e+02 1.712067363993476192e+03
1.510000000000000000e+02 1.780731707843267941e+03
1.520000000000000000e+02 1.589704446259000633e+03
1.530000000000000000e+02 1.669227544318818900e+03
1.540000000000000000e+02 1.595818777215217551e+03
1.550000000000000000e+02 1.598446489900105689e+03
1.560000000000000000e+02 1.666749205120598162e+03
1.570000000000000000e+02 1.706867285044611663e+03
1.580000000000000000e+02 1.624635082895208825e+03
1.590000000000000000e+02 1.661930338002281360e+03
1.600000000000000000e+02 1.659792942574320705e+03
1.610000000000000000e+02 1.700115755587421063e+03
1.620000000000000000e+02 1.698157865793656583e+03
1.630000000000000000e+02 1.694045553449611816e+03
1.640000000000000000e+02 1.630737748728506858e+03
1.650000000000000000e+02 1.665081929004991707e+03
1.660000000000000000e+02 1.670981479450434563e+03
1.670000000000000000e+02 1.671170250741888140e+03
1.680000000000000000e+02 1.773210439936898865e+03
1.690000000000000000e+02 1.667612578927012237e+03
1.700000000000000000e+02 1.702200312449022476e+03
1.710000000000000000e+02 1.576139371051116314e+03
1.720000000000000000e+02 1.670774159230643363e+03
1.730000000000000284e+02 1.609710780475688125e+03
1.740000000000000284e+02 1.524621660223545405e+03
1.750000000000000284e+02 1.565458973776541598e+03
1.760000000000000000e+02 1.653631277836868776e+03
1.770000000000000000e+02 1.630407977442279844e+03
1.780000000000000000e+02 1.634938302393448794e+03
1.790000000000000000e+02 1.541297555773290014e+03
1.800000000000000000e+02 1.606252844927037131e+03
1.810000000000000000e+02 1.603357096688450383e+03
1.820000000000000000e+02 1.589102276775605787e+03
1.830000000000000000e+02 1.584599717869157985e+03
1.840000000000000000e+02 1.705054507919094476e+03
1.850000000000000000e+02 1.625686793375115712e+03
1.860000000000000000e+02 1.722048126674553259e+03
1.870000000000000000e+02 1.686770410139950855e+03
1.880000000000000000e+02 1.535536964484287182e+03
1.890000000000000000e+02 1.623983896903817822e+03
1.900000000000000000e+02 1.678884023042425497e+03
1.910000000000000000e+02 1.458077824146814010e+03
1.920000000000000000e+02 1.704651434689583084e+03
1.930000000000000000e+02 1.604278961402566893e+03
1.940000000000000000e+02 1.547356187394661447e+03
1.950000000000000000e+02 1.734037283191643382e+03
1.960000000000000000e+02 1.634774852360848627e+03
1.970000000000000000e+02 1.668528728863362403e+03
1.980000000000000000e+02 1.631859437907313122e+03
1.990000000000000000e+02 1.765688236421437068e+03
2.000000000000000000e+02 1.650981473707621490e+03
2.010000000000000000e+02 1.647858182948594276e+03
2.020000000000000000e+02 1.653423604486516751e+03
2.030000000000000000e+02 1.519638866940847038e+03
2.040000000000000284e+02 1.613437432166709868e+03
2.050000000000000284e+02 1.712240734571387748e+03
2.060000000000000284e+02 1.802972324109893179e+03
2.070000000000000284e+02 1.583525500421711740e+03
2.080000000000000284e+02 1.655872605403366833e+03
2.090000000000000000e+02 1.591335994346733514e+03
2.100000000000000000e+02 1.722126074193388376e+03
2.110000000000000000e+02 1.729648025946798271e+03
2.120000000000000000e+02 1.690091943687890534e+03
2.130000000000000000e+02 1.704784718940644552e+03
2.140000000000000000e+02 1.470517527299877884e+03
2.150000000000000000e+02 1.504017712348707846e+03
2.160000000000000000e+02 1.737520145347863945e+03
2.170000000000000000e+02 1.636363015000860742e+03
2.180000000000000000e+02 1.564543741357724684e+03
2.190000000000000000e+02 1.580707876431909654e+03
2.200000000000000000e+02 1.748667690566809597e+03
2.210000000000000000e+02 1.656946533100661554e+03
2.220000000000000000e+02 1.695206172498863225e+03
2.230000000000000000e+02 1.651443264239233258e+03
2.240000000000000000e+02 1.642598916105680928e+03
2.250000000000000000e+02 1.666647586889507011e+03
2.260000000000000000e+02 1.744108959513671152e+03
2.270000000000000000e+02 1.636541846033862157e+03
2.280000000000000000e+02 1.665435135790680306e+03
2.290000000000000000e+02 1.672793783179099137e+03
2.300000000000000000e+02 1.526270646342709142e+03
2.310000000000000000e+02 1.533340473259802820e+03
2.320000000000000000e+02 1.621817754926901443e+03
2.330000000000000000e+02 1.529302152749526158e+03
2.340000000000000000e+02 1.582106946740583908e+03
2.350000000000000284e+02 1.629003199232355655e+03
2.360000000000000284e+02 1.724809706565880788e+03
2.370000000000000284e+02 1.553043408292037839e+03
2.380000000000000284e+02 1.675251275931813780e+03
2.390000000000000284e+02 1.602214066905746222e+03
2.400000000000000000e+02 1.598008980843365407e+03
2.410000000000000000e+02 1.635113163330806856e+03
2.420000000000000000e+02 1.666063756015879335e+03
2.430000000000000000e+02 1.695444321491634355e+03
2.440000000000000000e+02 1.699954288583543985e+03
2.450000000000000000e+02 1.459896479411357404e+03
2.460000000000000000e+02 1.685895568801199715e+03
2.470000000000000000e+02 1.692024215256948764e+03
2.480000000000000000e+02 1.700518859352413983e+03
2.490000000000000000e+02 1.565581887056072674e+03
2.500000000000000000e+02 1.746118638841774100e+03
2.510000000000000000e+02 1.696069829160995596e+03
2.520000000000000000e+02 1.674566986278937065e+03
2.530000000000000000e+02 1.602164792451207859e+03
2.540000000000000000e+02 1.594277368880978884e+03
2.550000000000000000e+02 1.586859917371963547e+03
2.560000000000000000e+02 1.648478447645798724e+03
2.570000000000000000e+02 1.680053079733574805e+03
2.580000000000000000e+02 1.560602262617501765e+03
2.590000000000000000e+02 1.620718001101620303e+03
2.600000000000000000e+02 1.567096462436593811e+03
2.610000000000000000e+02 1.644756869218370639e+03
2.620000000000000000e+02 1.647165996446814916e+03
2.630000000000000000e+02 1.763009976166399838e+03
2.640000000000000000e+02 1.537852022503205035e+03
2.650000000000000000e+02 1.745419849318334627e+03
2.660000000000000000e+02 1.725650866510285596e+03
2.670000000000000000e+02 1.615204858707541462e+03
2.680000000000000000e+02 1.663165996859732331e+03
2.690000000000000000e+02 1.648563803972145251e+03
2.700000000000000000e+02 1.571710356261303332e+03
2.710000000000000000e+02 1.572691614459571156e+03
2.720000000000000000e+02 1.560117308606882034e+03
2.730000000000000000e+02 1.637706490285132531e+03
2.740000000000000000e+02 1.540965091680414162e+03
2.750000000000000000e+02 1.592838081775833871e+03
2.760000000000000000e+02 1.617720824165472777e+03
2.770000000000000000e+02 1.650410714653734203e+03
2.780000000000000000e+02 1.577803842566987669e+03
2.790000000000000000e+02 1.537672296471831260e+03
2.800000000000000000e+02 1.707953852090823602e+03
2.810000000000000000e+02 1.553234316528986255e+03
2.820000000000000000e+02 1.660502980978701999e+03
2.830000000000000568e+02 1.702126774989629212e+03
2.840000000000000568e+02 1.823188542814109269e+03
2.850000000000000568e+02 1.670080204584906369e+03
2.860000000000000568e+02 1.645753018318656132e+03
2.870000000000000568e+02 1.821185666755789043e+03
2.880000000000000568e+02 1.661544854886484472e+03
2.890000000000000000e+02 1.669875679655538534e+03
2.900000000000000000e+02 1.604636881052956596e+03
2.910000000000000000e+02 1.547773731437337574e+03
2.920000000000000000e+02 1.749626606240970432e+03
2.930000000000000000e+02 1.576471802498392663e+03
2.940000000000000000e+02 1.560989154168529694e+03
2.950000000000000000e+02 1.598068959432989232e+03
2.960000000000000000e+02 1.624730001553655256e+03
2.970000000000000000e+02 1.726939668759319147e+03
2.980000000000000000e+02 1.625550458005100381e+03
2.990000000000000000e+02 1.661551400134627556e+03
3.000000000000000000e+02 1.585830935975119246e+03
3.010000000000000000e+02 1.653802844247379880e+03
3.020000000000000000e+02 1.706638064836705780e+03
3.030000000000000000e+02 1.649998836287978975e+03
3.040000000000000000e+02 1.765544534526095504e+03
3.050000000000000000e+02 1.651483221463998007e+03
3.060000000000000000e+02 1.569477789543251674e+03
3.070000000000000000e+02 1.585418728483166205e+03
3.080000000000000000e+02 1.649047725327024182e+03
3.090000000000000000e+02 1.671998918283886951e+03
3.100000000000000000e+02 1.603979743355851497e+03
3.110000000000000000e+02 1.611686487236779840e+03
3.120000000000000000e+02 1.539079818996764516e+03
3.130000000000000000e+02 1.604870412951297112e+03
3.140000000000000000e+02 1.580179471691377330e+03
3.150000000000000000e+02 1.572930110023020688e+03
3.160000000000000000e+02 1.586459295715605776e+03
3.170000000000000000e+02 1.606227829943930601e+03
3.180000000000000000e+02 1.624055710561371825e+03
3.190000000000000000e+02 1.675547958661020402e+03
3.200000000000000000e+02 1.609323823787987521e+03
3.210000000000000000e+02 1.769132602939746903e+03
3.220000000000000000e+02 1.587794757923456018e+03
3.230000000000000000e+02 1.700714853378647376e+03
3.240000000000000000e+02 1.691543122288374661e+03
3.250000000000000000e+02 1.677235426752333069e+03
3.260000000000000000e+02 1.672618069108161080e+03
3.270000000000000000e+02 1.646693028203648964e+03
3.280000000000000000e+02 1.640684271366630810e+03
3.290000000000000000e+02 1.662895559163155440e+03
3.300000000000000000e+02 1.597335024014235842e+03
3.310000000000000000e+02 1.692887869568062570e+03
3.320000000000000000e+02 1.676507481889321980e+03
3.330000000000000000e+02 1.649230273770313943e+03
3.340000000000000000e+02 1.687203483983734714e+03
3.350000000000000000e+02 1.590228621232627574e+03
3.360000000000000000e+02 1.658271612692896269e+03
3.370000000000000000e+02 1.620234342901452692e+03
3.380000000000000000e+02 1.572799334278162178e+03
3.390000000000000000e+02 1.662854583513426405e+03
3.400000000000000000e+02 1.665877887251934226e+03
3.410000000000000000e+02 1.692264268586035541e+03
3.420000000000000000e+02 1.652187902123390131e+03
3.430000000000000000e+02 1.613755849804007084e+03
3.440000000000000000e+02 1.714430297289477721e+03
3.450000000000000568e+02 1.667326082182344408e+03
3.460000000000000568e+02 1.625908791862756971e+03
3.470000000000000568e+02 1.748942473846465873e+03
3.480000000000000568e+02 1.663468309016850981e+03
3.490000000000000568e+02 1.613893394185966145e+03
3.500000000000000568e+02 1.630056389374722357e+03
3.510000000000000568e+02 1.619288043770713784e+03
3.520000000000000000e+02 1.639242967732573106e+03
3.530000000000000000e+02 1.600299875659974077e+03
3.540000000000000000e+02 1.581306714906002981e+03
3.550000000000000000e+02 1.602518764309299968e+03
3.560000000000000000e+02 1.583034005845215006e+03
3.570000000000000000e+02 1.515785374522653228e+03
3.580000000000000000e+02 1.584849474972732651e+03
3.590000000000000000e+02 1.677296867359360249e+03
3.600000000000000000e+02 1.662666551814226750e+03
3.610000000000000000e+02 1.658329580133233321e+03
3.620000000000000000e+02 1.736210651906347721e+03
3.630000000000000000e+02 1.670905864488645420e+03
3.640000000000000000e+02 1.510410144079445445e+03
3.650000000000000000e+02 1.570702421131909659e+03
3.660000000000000000e+02 1.743138870095893253e+03
3.670000000000000000e+02 1.592868381847608362e+03
3.680000000000000000e+02 1.622117536357696508e+03
3.690000000000000000e+02 1.589419012969330197e+03
3.700000000000000000e+02 1.652196882442429342e+03
3.710000000000000000e+02 1.575312998493649047e+03
3.720000000000000000e+02 1.521063634349992071e+03
3.730000000000000000e+02 1.665572101756242773e+03
3.740000000000000000e+02 1.691949544981320969e+03
3.750000000000000000e+02 1.533383140779618998e+03
3.760000000000000000e+02 1.645195669020739388e+03
3.770000000000000000e+02 1.532818960188408028e+03
3.780000000000000000e+02 1.610860063141042701e+03
3.790000000000000000e+02 1.558917271867585669e+03
3.800000000000000000e+02 1.549744256891936175e+03
3.810000000000000000e+02 1.574669528627331147e+03
3.820000000000000000e+02 1.597276267813964978e+03
3.830000000000000000e+02 1.683795746566457638e+03
3.840000000000000000e+02 1.647392953937764787e+03
3.850000000000000000e+02 1.545561885433467523e+03
3.860000000000000000e+02 1.642232105963766571e+03
3.870000000000000000e+02 1.768017344550461075e+03
3.880000000000000000e+02 1.664531444681896119e+03
3.890000000000000000e+02 1.611664114245891369e+03
3.900000000000000000e+02 1.588207087809598761e+03
3.910000000000000000e+02 1.550523559902401303e+03
3.920000000000000000e+02 1.579946396284258299e+03
3.930000000000000000e+02 1.593037212382604821e+03
3.940000000000000000e+02 1.531288133985394325e+03
3.950000000000000000e+02 1.632096803655930898e+03
3.960000000000000000e+02 1.669706396876142207e+03
3.970000000000000000e+02 1.579146520825666357e+03
3.980000000000000000e+02 1.663296868636163936e+03
3.990000000000000000e+02 1.662280212684933531e+03
4.000000000000000000e+02 1.542541490111918165e+03
4.010000000000000000e+02 1.630586486670382328e+03
4.020000000000000000e+02 1.682541001495493219e+03
4.030000000000000000e+02 1.501959827822915031e+03
4.040000000000000000e+02 1.654575066376429504e+03
4.050000000000000000e+02 1.705251788639775896e+03
4.060000000000000000e+02 1.532434186359366095e+03
4.070000000000000000e+02 1.654282645222638848e+03
4.080000000000000568e+02 1.625381809014606233e+03
4.090000000000000568e+02 1.573213166491392712e+03
4.100000000000000568e+02 1.604357462795987658e+03
4.110000000000000568e+02 1.670824150663829869e+03
4.120000000000000568e+02 1.675009942284606495e+03
4.130000000000000568e+02 1.581347480533019962e+03
4.140000000000000568e+02 1.691164219299391334e+03
4.150000000000000568e+02 1.527211545050615541e+03
4.160000000000000568e+02 1.493548647446020823e+03
4.170000000000000000e+02 1.647422412586608061e+03
4.180000000000000000e+02 1.601972658742097565e+03
4.190000000000000000e+02 1.629024855303921186e+03
4.200000000000000000e+02 1.616076543064067891e+03
4.210000000000000000e+02 1.564386279657773684e+03
4.220000000000000000e+02 1.627066842913903429e+03
4.230000000000000000e+02 1.600745671514672040e+03
4.240000000000000000e+02 1.720863891986927229e+03
4.250000000000000000e+02 1.663050084406919495e+03
4.260000000000000000e+02 1.589577424372102541e+03
4.270000000000000000e+02 1.626490365593805791e+03
4.280000000000000000e+02 1.633150455512763756e+03
4.290000000000000000e+02 1.602341525779445192e+03
4.300000000000000000e+02 1.609702563685594441e+03
4.310000000000000000e+02 1.505323656059377754e+03
4.320000000000000000e+02 1.620661689065311521e+03
4.330000000000000000e+02 1.546946504393020177e+03
4.340000000000000000e+02 1.672366505637668979e+03
4.350000000000000000e+02 1.525537447539400318e+03
4.360000000000000000e+02 1.649151434251493129e+03
4.370000000000000000e+02 1.590537399542862886e+03
4.380000000000000000e+02 1.627860517533317761e+03
4.390000000000000000e+02 1.548887722445986128e+03
4.400000000000000000e+02 1.607789090515501812e+03
4.410000000000000000e+02 1.591763855494765721e+03
4.420000000000000000e+02 1.523664688050454515e+03
4.430000000000000000e+02 1.714387317837970386e+03
4.440000000000000000e+02 1.672431894143557201e+03
4.450000000000000000e+02 1.620891907066666590e+03
4.460000000000000000e+02 1.774898342904258016e+03
4.470000000000000000e+02 1.574012909756479530e+03
4.480000000000000000e+02 1.565504236697880970e+03
4.490000000000000000e+02 1.666264045152933022e+03
4.500000000000000000e+02 1.753509354067598679e+03
4.510000000000000000e+02 1.525558727688344334e+03
4.520000000000000000e+02 1.604631030311104041e+03
4.530000000000000000e+02 1.715962038729536744e+03
4.540000000000000000e+02 1.473404429919924951e+03
4.550000000000000000e+02 1.636080735129909954e+03
4.560000000000000000e+02 1.561551318607257826e+03
4.570000000000000000e+02 1.646930073910436022e+03
4.580000000000000000e+02 1.543657105390773950e+03
4.590000000000000000e+02 1.583936786720604232e+03
4.600000000000000000e+02 1.610384066118249848e+03
4.610000000000000000e+02 1.494797682369071254e+03
4.620000000000000000e+02 1.653255779957987215e+03
4.630000000000000000e+02 1.669608389600954979e+03
4.640000000000000000e+02 1.746290633369998204e+03
4.650000000000000000e+02 1.690526408121032773e+03
4.660000000000000000e+02 1.687562131760969805e+03
4.670000000000000000e+02 1.603334636865035009e+03
4.680000000000000000e+02 1.526409820730892079e+03
4.690000000000000000e+02 1.666294504641978165e+03
4.700000000000000568e+02 1.547332539165806793e+03
4.710000000000000568e+02 1.484352987498415359e+03
4.720000000000000568e+02 1.593076976140286888e+03
4.730000000000000568e+02 1.513963409863278230e+03
4.740000000000000568e+02 1.514839370763924762e+03
4.750000000000000568e+02 1.644420179951220916e+03
4.760000000000000568e+02 1.725628749497285071e+03
4.770000000000000568e+02 1.663008121517676500e+03
4.780000000000000568e+02 1.613089979475010750e+03
4.790000000000000568e+02 1.665510909075139580e+03
4.800000000000000000e+02 1.659114260416640491e+03
4.810000000000000000e+02 1.683355850132806381e+03
4.820000000000000000e+02 1.578854099957114613e+03
4.830000000000000000e+02 1.712190341572579200e+03
4.840000000000000000e+02 1.702435513256197964e+03
4.850000000000000000e+02 1.688771625319081750e+03
4.860000000000000000e+02 1.603550801400580212e+03
4.870000000000000000e+02 1.630954092537855104e+03
4.880000000000000000e+02 1.600983545829646573e+03
4.890000000000000000e+02 1.763809820487366551e+03
4.900000000000000000e+02 1.601441771567862133e+03
4.910000000000000000e+02 1.631088931536525024e+03
4.920000000000000000e+02 1.713346633763612317e+03
4.930000000000000000e+02 1.657693489155838506e+03
4.940000000000000000e+02 1.527183696522880155e+03
4.950000000000000000e+02 1.529712028918770329e+03
4.960000000000000000e+02 1.669561429631398823e+03
4.970000000000000000e+02 1.597801419688566057e+03
4.980000000000000000e+02 1.643235170868494379e+03
4.990000000000000000e+02 1.465364878031035914e+03
5.000000000000000000e+02 1.641344132886630405e+03
5.010000000000000000e+02 1.674112807718987824e+03
5.020000000000000000e+02 1.650568616961106045e+03
5.030000000000000000e+02 1.735092643633706757e+03
5.040000000000000000e+02 1.605070891352072294e+03
5.050000000000000000e+02 1.486285609096717735e+03
5.060000000000000000e+02 1.730586316017830086e+03
5.070000000000000000e+02 1.572839300340336422e+03
5.080000000000000000e+02 1.593319053255723702e+03
5.090000000000000000e+02 1.630245515686018962e+03
5.100000000000000000e+02 1.559041045288649912e+03
5.110000000000000000e+02 1.609508021405646787e+03
5.120000000000000000e+02 1.611893173981279006e+03
5.130000000000000000e+02 1.608908843441821546e+03
5.140000000000000000e+02 1.651595066723028367e+03
5.150000000000000000e+02 1.605237240099992505e+03
5.160000000000000000e+02 1.602450830665114381e+03
5.170000000000000000e+02 1.670919942407045710e+03
5.180000000000000000e+02 1.589276162635035234e+03
5.190000000000000000e+02 1.637768726752237853e+03
5.200000000000000000e+02 1.581271531439617092e+03
5.210000000000000000e+02 1.643379882628137693e+03
5.220000000000000000e+02 1.537611128986821086e+03
5.230000000000000000e+02 1.626748000190339553e+03
5.240000000000000000e+02 1.757596438427783141e+03
5.250000000000000000e+02 1.726156296713040319e+03
5.260000000000000000e+02 1.724405147978257446e+03
5.270000000000000000e+02 1.697409985414746188e+03
5.280000000000000000e+02 1.590580872054645852e+03
5.290000000000000000e+02 1.580240314753280472e+03
5.300000000000000000e+02 1.566930396246500322e+03
5.310000000000000000e+02 1.555025287233450172e+03
5.320000000000000000e+02 1.674554427826757546e+03
5.330000000000000000e+02 1.582239630241118675e+03
5.340000000000000000e+02 1.577625124828860635e+03
5.350000000000000000e+02 1.599331825493965880e+03
5.360000000000000000e+02 1.562987701438336671e+03
5.370000000000000000e+02 1.555619284157985476e+03
5.380000000000000000e+02 1.571430511679157007e+03
5.390000000000000000e+02 1.584865481332658874e+03
5.400000000000000000e+02 1.607758803589540094e+03
5.410000000000000000e+02 1.547361034593808199e+03
5.420000000000000000e+02 1.587129140496232822e+03
5.430000000000000000e+02 1.718851878727387657e+03
5.440000000000000000e+02 1.602005717606742792e+03
5.450000000000000000e+02 1.654974485988371953e+03
5.460000000000000000e+02 1.614482702038694242e+03
5.470000000000000000e+02 1.594368517179329501e+03
5.480000000000000000e+02 1.614030659775637560e+03
5.490000000000000000e+02 1.575934097865527519e+03
5.500000000000000000e+02 1.639000261282573774e+03
5.510000000000000000e+02 1.641227943860219739e+03
5.520000000000000000e+02 1.591802704070030131e+03
5.530000000000000000e+02 1.552252253350939782e+03
5.540000000000000000e+02 1.462753047401765343e+03
5.550000000000000000e+02 1.443095393209817303e+03
5.560000000000000000e+02 1.629924023081447331e+03
5.570000000000000000e+02 1.478726166990062211e+03
5.580000000000000000e+02 1.500427515382077218e+03
5.590000000000000000e+02 1.582946249976965191e+03
5.600000000000000000e+02 1.717808426078587672e+03
5.610000000000000000e+02 1.565387316073878537e+03
5.620000000000000000e+02 1.822112535341092553e+03
5.630000000000000000e+02 1.558407867315033627e+03
5.640000000000000000e+02 1.635541518841643438e+03
5.650000000000001137e+02 1.687109688117242740e+03
5.660000000000001137e+02 1.646385605348827539e+03
5.670000000000001137e+02 1.616797272997678874e+03
5.680000000000001137e+02 1.664479755434549816e+03
5.690000000000001137e+02 1.524455071978559317e+03
5.700000000000001137e+02 1.703027449670666329e+03
5.710000000000001137e+02 1.616178541432083421e+03
5.720000000000001137e+02 1.522312060238030426e+03
5.730000000000001137e+02 1.478442725089972100e+03
5.740000000000001137e+02 1.655178221760006181e+03
5.750000000000001137e+02 1.567896797190056304e+03
5.760000000000001137e+02 1.596138531889216665e+03
5.770000000000000000e+02 1.640660468448582378e+03
5.780000000000000000e+02 1.599919687388151260e+03
5.790000000000000000e+02 1.586867729192898196e+03
5.800000000000000000e+02 1.623092157825115919e+03
5.810000000000000000e+02 1.653996983915755436e+03
5.820000000000000000e+02 1.574390896431377314e+03
5.830000000000000000e+02 1.754152374836831541e+03
5.840000000000000000e+02 1.658514724046245874e+03
5.850000000000000000e+02 1.738209016730212625e+03
5.860000000000000000e+02 1.585992254496266924e+03
5.870000000000000000e+02 1.749117262100743119e+03
5.880000000000000000e+02 1.647400045769173403e+03
5.890000000000000000e+02 1.476820490176591875e+03
5.900000000000000000e+02 1.617578404245128468e+03
5.910000000000000000e+02 1.613410340940011793e+03
5.920000000000000000e+02 1.567868394221973631e+03
5.930000000000000000e+02 1.654224422866379200e+03
5.940000000000000000e+02 1.546331236965916105e+03
5.950000000000000000e+02 1.576435856197446356e+03
5.960000000000000000e+02 1.599727404206769279e+03
5.970000000000000000e+02 1.682547937897242718e+03
5.980000000000000000e+02 1.469844244768517683e+03
5.990000000000000000e+02 1.394573500716188846e+03
6.000000000000000000e+02 1.574424685980759705e+03
6.010000000000000000e+02 1.615450540305909726e+03
6.020000000000000000e+02 1.664918188496410721e+03
6.030000000000000000e+02 1.648822891541141871e+03
6.040000000000000000e+02 1.589391691613751618e+03
6.050000000000000000e+02 1.644959710508862599e+03
6.060000000000000000e+02 1.733901364632197328e+03
6.070000000000000000e+02 1.526459395563249018e+03
6.080000000000000000e+02 1.584678028678981718e+03
6.090000000000000000e+02 1.549051807537143304e+03
6.100000000000000000e+02 1.493031127717025811e+03
6.110000000000000000e+02 1.578696507471508312e+03
6.120000000000000000e+02 1.480032980453368054e+03
6.130000000000000000e+02 1.681398329463030223e+03
6.140000000000000000e+02 1.589581063981966963e+03
6.150000000000000000e+02 1.689205522957516450e+03
6.160000000000000000e+02 1.655954482109577839e+03
6.170000000000000000e+02 1.546079043569776559e+03
6.180000000000000000e+02 1.706897619587444979e+03
6.190000000000000000e+02 1.510858713079179097e+03
6.200000000000000000e+02 1.603725061430189271e+03
6.210000000000000000e+02 1.527776698132858201e+03
6.220000000000000000e+02 1.689658327899289816e+03
6.230000000000000000e+02 1.607628799018551490e+03
6.240000000000000000e+02 1.680522018286551202e+03
6.250000000000000000e+02 1.628508512008687376e+03
6.260000000000000000e+02 1.707683346274153109e+03
6.270000000000000000e+02 1.647206582423504869e+03
6.280000000000000000e+02 1.630942476336812888e+03
6.290000000000000000e+02 1.663606617010110313e+03
6.300000000000000000e+02 1.565547806850249572e+03
6.310000000000000000e+02 1.574288945642367480e+03
6.320000000000000000e+02 1.606715628871249464e+03
6.330000000000000000e+02 1.565598244623715573e+03
6.340000000000000000e+02 1.628741480471107934e+03
6.350000000000000000e+02 1.561404125470841791e+03
6.360000000000000000e+02 1.600289549732686055e+03
6.370000000000000000e+02 1.666428224820199375e+03
6.380000000000000000e+02 1.442693021624303583e+03
6.390000000000000000e+02 1.631629073059706798e+03
6.400000000000000000e+02 1.516918384981268218e+03
6.410000000000000000e+02 1.722321520864107015e+03
6.420000000000000000e+02 1.710250287984401893e+03
6.430000000000000000e+02 1.687898468829065678e+03
6.440000000000000000e+02 1.580801718723675094e+03
6.450000000000000000e+02 1.693998481251954445e+03
6.460000000000000000e+02 1.625264775841226765e+03
6.470000000000000000e+02 1.661336243762239974e+03
6.480000000000000000e+02 1.658573989212134848e+03
6.490000000000000000e+02 1.689740211453841766e+03
6.500000000000000000e+02 1.559496747103551115e+03
6.510000000000000000e+02 1.653115651479723510e+03
6.520000000000000000e+02 1.683116381547809851e+03
6.530000000000000000e+02 1.592326231936665636e+03
6.540000000000000000e+02 1.598365278606853281e+03
6.550000000000000000e+02 1.602887559020496610e+03
6.560000000000000000e+02 1.555619084025579014e+03
6.570000000000000000e+02 1.560872343390056130e+03
6.580000000000000000e+02 1.578699493571719131e+03
6.590000000000000000e+02 1.507532428271025765e+03
6.600000000000000000e+02 1.694216178437307462e+03
6.610000000000000000e+02 1.748475802168194605e+03
6.620000000000000000e+02 1.693028579964475966e+03
6.630000000000000000e+02 1.746834184308891736e+03
6.640000000000000000e+02 1.522849125529322464e+03
6.650000000000000000e+02 1.628293956977914149e+03
6.660000000000000000e+02 1.578438876047743406e+03
6.670000000000000000e+02 1.665614808525560420e+03
6.680000000000000000e+02 1.488333184785454932e+03
6.690000000000000000e+02 1.669461153792245113e+03
6.700000000000000000e+02 1.694426966522925568e+03
6.710000000000000000e+02 1.571745099775445624e+03
6.720000000000000000e+02 1.530008425975206592e+03
6.730000000000000000e+02 1.537037156436020723e+03
6.740000000000000000e+02 1.635576108269368660e+03
6.750000000000000000e+02 1.572986248212199143e+03
6.760000000000000000e+02 1.554212669985647835e+03
6.770000000000000000e+02 1.547593179358078032e+03
6.780000000000000000e+02 1.613855110538766667e+03
6.790000000000000000e+02 1.556862146276001567e+03
6.800000000000000000e+02 1.705245608384558409e+03
6.810000000000000000e+02 1.616203277972265823e+03
6.820000000000000000e+02 1.646300090443808131e+03
6.830000000000000000e+02 1.666314718706922349e+03
6.840000000000000000e+02 1.668135597313502331e+03
6.850000000000000000e+02 1.657442924762413440e+03
6.860000000000000000e+02 1.547995306010688182e+03
6.870000000000000000e+02 1.558941480382600957e+03
6.880000000000000000e+02 1.604971531626361184e+03
6.890000000000000000e+02 1.643721437999158752e+03
6.900000000000001137e+02 1.593430621421030082e+03
6.910000000000001137e+02 1.603186302805210516e+03
6.920000000000001137e+02 1.566869030346482987e+03
6.930000000000001137e+02 1.457317317573704941e+03
6.940000000000001137e+02 1.571436103149943392e+03
6.950000000000001137e+02 1.655224674849053144e+03
6.960000000000001137e+02 1.458377211024609323e+03
6.970000000000001137e+02 1.489675674667626026e+03
6.980000000000001137e+02 1.638484566197048935e+03
6.990000000000001137e+02 1.585124008101748814e+03
7.000000000000001137e+02 1.550076528573762516e+03
7.010000000000001137e+02 1.674871068275692096e+03
7.020000000000001137e+02 1.640722359440537957e+03
7.030000000000001137e+02 1.683642966002633329e+03
7.040000000000000000e+02 1.602470769029733674e+03
7.050000000000000000e+02 1.742800118894188472e+03
7.060000000000000000e+02 1.544962781591244493e+03
7.070000000000000000e+02 1.677167565822243205e+03
7.080000000000000000e+02 1.621986141955220319e+03
7.090000000000000000e+02 1.576510796273008282e+03
7.100000000000000000e+02 1.663554697517880186e+03
7.110000000000000000e+02 1.467416982917855648e+03
7.120000000000000000e+02 1.481937749661552061e+03
7.130000000000000000e+02 1.542690038280312137e+03
7.140000000000000000e+02 1.522309850895240288e+03
7.150000000000000000e+02 1.553411211659364881e+03
7.160000000000000000e+02 1.609438725516267823e+03
7.170000000000000000e+02 1.566560855078259237e+03
7.180000000000000000e+02 1.665875652884458077e+03
7.190000000000000000e+02 1.611965184775070384e+03
7.200000000000000000e+02 1.534391910287131623e+03
7.210000000000000000e+02 1.641115292850649894e+03
7.220000000000000000e+02 1.616045026708411569e+03
7.230000000000000000e+02 1.661420726501660511e+03
7.240000000000000000e+02 1.674356614722282302e+03
7.250000000000000000e+02 1.679106916024696602e+03
7.260000000000000000e+02 1.706973774038051033e+03
7.270000000000000000e+02 1.637786514972737905e+03
7.280000000000000000e+02 1.642092839073298364e+03
7.290000000000000000e+02 1.632449582100397947e+03
7.300000000000000000e+02 1.558366847494143713e+03
7.310000000000000000e+02 1.577760252311764816e+03
7.320000000000000000e+02 1.705024490080901160e+03
7.330000000000000000e+02 1.501999411217341503e+03
7.340000000000000000e+02 1.567670861337348470e+03
7.350000000000000000e+02 1.501845520905126477e+03
7.360000000000000000e+02 1.543720800713172594e+03
7.370000000000000000e+02 1.562916337475086948e+03
7.380000000000000000e+02 1.656527162835708168e+03
7.390000000000000000e+02 1.572969145746682216e+03
7.400000000000000000e+02 1.517527911482939317e+03
7.410000000000000000e+02 1.611342822375569540e+03
7.420000000000000000e+02 1.592695717562968639e+03
7.430000000000000000e+02 1.701663400015916977e+03
7.440000000000000000e+02 1.679302748229128383e+03
7.450000000000000000e+02 1.642318845103023023e+03
7.460000000000000000e+02 1.602628961356230775e+03
7.470000000000000000e+02 1.658931909099266704e+03
7.480000000000000000e+02 1.498552444042943080e+03
7.490000000000000000e+02 1.614541655744427544e+03
7.500000000000000000e+02 1.613024832357323021e+03
7.510000000000000000e+02 1.453584565621938282e+03
7.520000000000000000e+02 1.655476348126759831e+03
7.530000000000000000e+02 1.542660877017561461e+03
7.540000000000000000e+02 1.579658765044080610e+03
7.550000000000000000e+02 1.605322367227628092e+03
7.560000000000000000e+02 1.542389947416870427e+03
7.570000000000000000e+02 1.490078695120245129e+03
7.580000000000000000e+02 1.571428204104350925e+03
7.590000000000000000e+02 1.522067426914089083e+03
7.600000000000000000e+02 1.700026280328055691e+03
7.610000000000000000e+02 1.640791665662149171e+03
7.620000000000000000e+02 1.535862059563473849e+03
7.630000000000000000e+02 1.680858736443170301e+03
7.640000000000000000e+02 1.685812452160514567e+03
7.650000000000000000e+02 1.559666362399701484e+03
7.660000000000000000e+02 1.523747721907883715e+03
7.670000000000000000e+02 1.628069084058861563e+03
7.680000000000000000e+02 1.654947189189584606e+03
7.690000000000000000e+02 1.555137093460931965e+03
7.700000000000000000e+02 1.555183807841160160e+03
7.710000000000000000e+02 1.598922334626269503e+03
7.720000000000000000e+02 1.500099070678082626e+03
7.730000000000000000e+02 1.606662202205802942e+03
7.740000000000000000e+02 1.572428497597613386e+03
7.750000000000000000e+02 1.520329300791594733e+03
7.760000000000000000e+02 1.577935292905819551e+03
7.770000000000000000e+02 1.558249451491705031e+03
7.780000000000000000e+02 1.437380411105803887e+03
7.790000000000000000e+02 1.499873071175647510e+03
7.800000000000000000e+02 1.564118938766677957e+03
7.810000000000000000e+02 1.502291694652530168e+03
7.820000000000000000e+02 1.589566946251999070e+03
7.830000000000000000e+02 1.520392340900027648e+03
7.840000000000000000e+02 1.550725447343431824e+03
7.850000000000000000e+02 1.654493247500787220e+03
7.860000000000000000e+02 1.761004335289462233e+03
7.870000000000000000e+02 1.554802569733595647e+03
7.880000000000000000e+02 1.589374511595674221e+03
7.890000000000000000e+02 1.499720254661353465e+03
7.900000000000000000e+02 1.598733583386892178e+03
7.910000000000000000e+02 1.539440400711015172e+03
7.920000000000000000e+02 1.526889743651666095e+03
7.930000000000000000e+02 1.561759321817839236e+03
7.940000000000000000e+02 1.532469929837978498e+03
7.950000000000000000e+02 1.504565755661087451e+03
7.960000000000000000e+02 1.624920698885732918e+03
7.970000000000000000e+02 1.499399951918237775e+03
7.980000000000000000e+02 1.567348551181815992e+03
7.990000000000000000e+02 1.518076991107567437e+03
8.000000000000000000e+02 1.602022936573127481e+03
8.010000000000000000e+02 1.667898661051028739e+03
8.020000000000000000e+02 1.701334997851250819e+03
8.030000000000000000e+02 1.524004735116018537e+03
8.040000000000000000e+02 1.632394552826553763e+03
8.050000000000000000e+02 1.646239055164520551e+03
8.060000000000000000e+02 1.624927510523683395e+03
8.070000000000000000e+02 1.655230667567959472e+03
8.080000000000000000e+02 1.627002754647027359e+03
8.090000000000000000e+02 1.559678676615385257e+03
8.100000000000000000e+02 1.406335839766519030e+03
8.110000000000000000e+02 1.564933111741602715e+03
8.120000000000000000e+02 1.520724793610971346e+03
8.130000000000000000e+02 1.592872854014638506e+03
8.140000000000000000e+02 1.551510585850188818e+03
8.150000000000001137e+02 1.613245599650220811e+03
8.160000000000001137e+02 1.651275423882566884e+03
8.170000000000001137e+02 1.651650438649580792e+03
8.180000000000001137e+02 1.673148976857228263e+03
8.190000000000001137e+02 1.603969164163762343e+03
8.200000000000001137e+02 1.623949642479114118e+03
8.210000000000001137e+02 1.641948437610684095e+03
8.220000000000001137e+02 1.493185269518475479e+03
8.230000000000001137e+02 1.623133458723654257e+03
8.240000000000001137e+02 1.689195132801843783e+03
8.250000000000001137e+02 1.701635004086057279e+03
8.260000000000001137e+02 1.714859556252849643e+03
8.270000000000001137e+02 1.698018695002352160e+03
8.280000000000001137e+02 1.572080191208431870e+03
8.290000000000001137e+02 1.515725827750659619e+03
8.300000000000001137e+02 1.581009998633666783e+03
8.310000000000001137e+02 1.565716090501392500e+03
8.320000000000001137e+02 1.605858462743470000e+03
8.330000000000000000e+02 1.611508427739998979e+03
8.340000000000000000e+02 1.573763318394751877e+03
8.350000000000000000e+02 1.632012538794318516e+03
8.360000000000000000e+02 1.462685700884725520e+03
8.370000000000000000e+02 1.606173725251341466e+03
8.380000000000000000e+02 1.583009321653654524e+03
8.390000000000000000e+02 1.624048309969956790e+03
8.400000000000000000e+02 1.588354354778617335e+03
8.410000000000000000e+02 1.548697256681647559e+03
8.420000000000000000e+02 1.585969583162493336e+03
8.430000000000000000e+02 1.676560551132770797e+03
8.440000000000000000e+02 1.476697917340728736e+03
8.450000000000000000e+02 1.648352494363440428e+03
8.460000000000000000e+02 1.636908863612729419e+03
8.470000000000000000e+02 1.639002414248813920e+03
8.480000000000000000e+02 1.594762407674685164e+03
8.490000000000000000e+02 1.530972932726385807e+03
8.500000000000000000e+02 1.565895614521599327e+03
8.510000000000000000e+02 1.623954303346625011e+03
8.520000000000000000e+02 1.576581292547949943e+03
8.530000000000000000e+02 1.599207235081591080e+03
8.540000000000000000e+02 1.575160087987761017e+03
8.550000000000000000e+02 1.586959538134423838e+03
8.560000000000000000e+02 1.593973380221293610e+03
8.570000000000000000e+02 1.648968306805373231e+03
8.580000000000000000e+02 1.539031710394697939e+03
8.590000000000000000e+02 1.571479127661236589e+03
8.600000000000000000e+02 1.497533573411355746e+03
8.610000000000000000e+02 1.618667831852095105e+03
8.620000000000000000e+02 1.555149351254906151e+03
8.630000000000000000e+02 1.559754403732637002e+03
8.640000000000000000e+02 1.639235950382705141e+03
8.650000000000000000e+02 1.570240800983990084e+03
8.660000000000000000e+02 1.586313607200320803e+03
8.670000000000000000e+02 1.572476874152825076e+03
8.680000000000000000e+02 1.681710696710048296e+03
8.690000000000000000e+02 1.558108283095434672e+03
8.700000000000000000e+02 1.515427335272110440e+03
8.710000000000000000e+02 1.576283827118814997e+03
8.720000000000000000e+02 1.557125284377273601e+03
8.730000000000000000e+02 1.550469088966163781e+03
8.740000000000000000e+02 1.580439953827676845e+03
8.750000000000000000e+02 1.544036473889571880e+03
8.760000000000000000e+02 1.606819065758084207e+03
8.770000000000000000e+02 1.577741256086357453e+03
8.780000000000000000e+02 1.568681473884432990e+03
8.790000000000000000e+02 1.725678079234109418e+03
8.800000000000000000e+02 1.522037880098900814e+03
8.810000000000000000e+02 1.488382624888293776e+03
8.820000000000000000e+02 1.691406163425138629e+03
8.830000000000000000e+02 1.650474680566670486e+03
8.840000000000000000e+02 1.592474092313365190e+03
8.850000000000000000e+02 1.639068883400957702e+03
8.860000000000000000e+02 1.706905277338718406e+03
8.870000000000000000e+02 1.571409011561010630e+03
8.880000000000000000e+02 1.673889092447739358e+03
8.890000000000000000e+02 1.553649801842461102e+03
8.900000000000000000e+02 1.620970819526615060e+03
8.910000000000000000e+02 1.550504178554749387e+03
8.920000000000000000e+02 1.541270100251637814e+03
8.930000000000000000e+02 1.672588661162350718e+03
8.940000000000000000e+02 1.650740783005270259e+03
8.950000000000000000e+02 1.572860078678834498e+03
8.960000000000000000e+02 1.543154754935874962e+03
8.970000000000000000e+02 1.554146704757729367e+03
8.980000000000000000e+02 1.598864569898487389e+03
8.990000000000000000e+02 1.585528703229771509e+03
9.000000000000000000e+02 1.580417379479585179e+03
9.010000000000000000e+02 1.578988956696388186e+03
9.020000000000000000e+02 1.638746413862227428e+03
9.030000000000000000e+02 1.677556965189363382e+03
9.040000000000000000e+02 1.604957496623520456e+03
9.050000000000000000e+02 1.568316806914113840e+03
9.060000000000000000e+02 1.549208475088677005e+03
9.070000000000000000e+02 1.573061670980943745e+03
9.080000000000000000e+02 1.650844854345408976e+03
9.090000000000000000e+02 1.568784104091938616e+03
9.100000000000000000e+02 1.580457294583167595e+03
9.110000000000000000e+02 1.592492307896052353e+03
9.120000000000000000e+02 1.628398450687371223e+03
9.130000000000000000e+02 1.568910212036744497e+03
9.140000000000000000e+02 1.497121640108805877e+03
9.150000000000000000e+02 1.629864886610101166e+03
9.160000000000000000e+02 1.553546804614397388e+03
9.170000000000000000e+02 1.542172328624347301e+03
9.180000000000000000e+02 1.614712171134093296e+03
9.190000000000000000e+02 1.559080937388833263e+03
9.200000000000000000e+02 1.586233937095514193e+03
9.210000000000000000e+02 1.635828121900300403e+03
9.220000000000000000e+02 1.581059029075994204e+03
9.230000000000000000e+02 1.687862910826269626e+03
9.240000000000000000e+02 1.552352407250703664e+03
9.250000000000000000e+02 1.582032755971973302e+03
9.260000000000000000e+02 1.654136924028861813e+03
9.270000000000000000e+02 1.586780421260926687e+03
9.280000000000000000e+02 1.576123215936623637e+03
9.290000000000000000e+02 1.627094994608800789e+03
9.300000000000000000e+02 1.448872382784263209e+03
9.310000000000000000e+02 1.612917327306083052e+03
9.320000000000000000e+02 1.642086984735014767e+03
9.330000000000000000e+02 1.455458901607033113e+03
9.340000000000000000e+02 1.649942233825877111e+03
9.350000000000000000e+02 1.607523692328049947e+03
9.360000000000000000e+02 1.537098811412443411e+03
9.370000000000000000e+02 1.608521989937240733e+03
9.380000000000000000e+02 1.633734094115589642e+03
9.390000000000000000e+02 1.649503598079625817e+03
9.400000000000001137e+02 1.551030276662873348e+03
9.410000000000001137e+02 1.637292904041283919e+03
9.420000000000001137e+02 1.482039716818456100e+03
9.430000000000001137e+02 1.559283783133004363e+03
9.440000000000001137e+02 1.485720059179873033e+03
9.450000000000001137e+02 1.647306945577563056e+03
9.460000000000001137e+02 1.642974060070383075e+03
9.470000000000001137e+02 1.637042344385689830e+03
9.480000000000001137e+02 1.650390504960202406e+03
9.490000000000001137e+02 1.595855282120595348e+03
9.500000000000001137e+02 1.669654737633884906e+03
9.510000000000001137e+02 1.646333457472404689e+03
9.520000000000001137e+02 1.604705137809066855e+03
9.530000000000001137e+02 1.671219150559171339e+03
9.540000000000001137e+02 1.523512707094537518e+03
9.550000000000001137e+02 1.578829136519104622e+03
9.560000000000001137e+02 1.670282661754439005e+03
9.570000000000001137e+02 1.614651070672704009e+03
9.580000000000001137e+02 1.507882304960429337e+03
9.590000000000001137e+02 1.647018283842647861e+03
9.600000000000000000e+02 1.569636639420491974e+03
9.610000000000000000e+02 1.618243703543092352e+03
9.620000000000000000e+02 1.576426168051588775e+03
9.630000000000000000e+02 1.477878626504181284e+03
9.640000000000000000e+02 1.582397956325980886e+03
9.650000000000000000e+02 1.527630181395266618e+03
9.660000000000000000e+02 1.496900427699797319e+03
9.670000000000000000e+02 1.515268042761598508e+03
9.680000000000000000e+02 1.667890190275490795e+03
9.690000000000000000e+02 1.505629191215592755e+03
9.700000000000000000e+02 1.547065738762555156e+03
9.710000000000000000e+02 1.632438553890107414e+03
9.720000000000000000e+02 1.554854675872988082e+03
9.730000000000000000e+02 1.528230299561354059e+03
9.740000000000000000e+02 1.710827554884303709e+03
9.750000000000000000e+02 1.620941344024147384e+03
9.760000000000000000e+02 1.624656831530489171e+03
9.770000000000000000e+02 1.584230640324163005e+03
9.780000000000000000e+02 1.575535620381898525e+03
9.790000000000000000e+02 1.669233930545685553e+03
9.800000000000000000e+02 1.533967015863375991e+03
9.810000000000000000e+02 1.464976113639043888e+03
9.820000000000000000e+02 1.632180270939464663e+03
9.830000000000000000e+02 1.689110771550630716e+03
9.840000000000000000e+02 1.568272737409973161e+03
9.850000000000000000e+02 1.574040562079519532e+03
9.860000000000000000e+02 1.608804293176408464e+03
9.870000000000000000e+02 1.587042126762653652e+03
9.880000000000000000e+02 1.477924227036607135e+03
9.890000000000000000e+02 1.580954354207663073e+03
9.900000000000000000e+02 1.539555574638191501e+03
9.910000000000000000e+02 1.615031007172910904e+03
9.920000000000000000e+02 1.492690714268115698e+03
9.930000000000000000e+02 1.603460770366426004e+03
9.940000000000000000e+02 1.485860986962042034e+03
9.950000000000000000e+02 1.687569950382692468e+03
9.960000000000000000e+02 1.518561834170472594e+03
9.970000000000000000e+02 1.560545965012094712e+03
9.980000000000000000e+02 1.558210580118942744e+03
9.990000000000000000e+02 1.590074678925520629e+03
1.000000000000000000e+03 1.543118521840121048e+03
